metric_name,timestamp,metric_value,check,error,error_code,expected_response,group,method,name,proto,scenario,service,status,subproto,tls_version,url,extra_tags,metadata
http_reqs,1785955457,1.000000,,,1404,false,,POST,https://fluency.lat/api/benchmark/db-cycle,HTTP/2.0,default,,404,,tls1.3,https://fluency.lat/api/benchmark/db-cycle,kind=db_write,
http_req_duration,1785955457,328.903317,,,1404,false,,POST,https://fluency.lat/api/benchmark/db-cycle,HTTP/2.0,default,,404,,tls1.3,https://fluency.lat/api/benchmark/db-cycle,kind=db_write,
http_req_blocked,1785955457,205.009432,,,1404,false,,POST,https://fluency.lat/api/benchmark/db-cycle,HTTP/2.0,default,,404,,tls1.3,https://fluency.lat/api/benchmark/db-cycle,kind=db_write,
http_req_connecting,1785955457,99.519261,,,1404,false,,POST,https://fluency.lat/api/benchmark/db-cycle,HTTP/2.0,default,,404,,tls1.3,https://fluency.lat/api/benchmark/db-cycle,kind=db_write,
http_req_tls_handshaking,1785955457,104.833862,,,1404,false,,POST,https://fluency.lat/api/benchmark/db-cycle,HTTP/2.0,default,,404,,tls1.3,https://fluency.lat/api/benchmark/db-cycle,kind=db_write,
http_req_sending,1785955457,0.106970,,,1404,false,,POST,https://fluency.lat/api/benchmark/db-cycle,HTTP/2.0,default,,404,,tls1.3,https://fluency.lat/api/benchmark/db-cycle,kind=db_write,
http_req_waiting,1785955457,328.654858,,,1404,false,,POST,https://fluency.lat/api/benchmark/db-cycle,HTTP/2.0,default,,404,,tls1.3,https://fluency.lat/api/benchmark/db-cycle,kind=db_write,
http_req_receiving,1785955457,0.141489,,,1404,false,,POST,https://fluency.lat/api/benchmark/db-cycle,HTTP/2.0,default,,404,,tls1.3,https://fluency.lat/api/benchmark/db-cycle,kind=db_write,
http_req_failed,1785955457,1.000000,,,1404,false,,POST,https://fluency.lat/api/benchmark/db-cycle,HTTP/2.0,default,,404,,tls1.3,https://fluency.lat/api/benchmark/db-cycle,kind=db_write,
db_duration,1785955457,328.903317,,,,,,,,,default,,,,,,,
checks,1785955457,0.000000,db 200,,,,,,,,default,,,,,,,
overflow_responses,1785955457,1.000000,,,,,,,,,default,,,,,,,
data_sent,1785955457,1849.000000,,,,,,,,,default,,,,,,,
data_received,1785955457,4586.000000,,,,,,,,,default,,,,,,,
iteration_duration,1785955457,534.122609,,,,,,,,,default,,,,,,,
iterations,1785955457,1.000000,,,,,,,,,default,,,,,,,
http_reqs,1785955457,1.000000,,,1404,false,,POST,https://fluency.lat/api/benchmark/db-cycle,HTTP/2.0,default,,404,,tls1.3,https://fluency.lat/api/benchmark/db-cycle,kind=db_write,
http_req_duration,1785955457,326.179501,,,1404,false,,POST,https://fluency.lat/api/benchmark/db-cycle,HTTP/2.0,default,,404,,tls1.3,https://fluency.lat/api/benchmark/db-cycle,kind=db_write,
http_req_blocked,1785955457,0.000260,,,1404,false,,POST,https://fluency.lat/api/benchmark/db-cycle,HTTP/2.0,default,,404,,tls1.3,https://fluency.lat/api/benchmark/db-cycle,kind=db_write,
http_req_connecting,1785955457,0.000000,,,1404,false,,POST,https://fluency.lat/api/benchmark/db-cycle,HTTP/2.0,default,,404,,tls1.3,https://fluency.lat/api/benchmark/db-cycle,kind=db_write,
http_req_tls_handshaking,1785955457,0.000000,,,1404,false,,POST,https://fluency.lat/api/benchmark/db-cycle,HTTP/2.0,default,,404,,tls1.3,https://fluency.lat/api/benchmark/db-cycle,kind=db_write,
http_req_sending,1785955457,0.064250,,,1404,false,,POST,https://fluency.lat/api/benchmark/db-cycle,HTTP/2.0,default,,404,,tls1.3,https://fluency.lat/api/benchmark/db-cycle,kind=db_write,
http_req_waiting,1785955457,326.075631,,,1404,false,,POST,https://fluency.lat/api/benchmark/db-cycle,HTTP/2.0,default,,404,,tls1.3,https://fluency.lat/api/benchmark/db-cycle,kind=db_write,
http_req_receiving,1785955457,0.039620,,,1404,false,,POST,https://fluency.lat/api/benchmark/db-cycle,HTTP/2.0,default,,404,,tls1.3,https://fluency.lat/api/benchmark/db-cycle,kind=db_write,
http_req_failed,1785955457,1.000000,,,1404,false,,POST,https://fluency.lat/api/benchmark/db-cycle,HTTP/2.0,default,,404,,tls1.3,https://fluency.lat/api/benchmark/db-cycle,kind=db_write,
db_duration,1785955457,326.179501,,,,,,,,,default,,,,,,,
checks,1785955457,0.000000,db 200,,,,,,,,default,,,,,,,
overflow_responses,1785955457,1.000000,,,,,,,,,default,,,,,,,
data_sent,1785955457,90.000000,,,,,,,,,default,,,,,,,
data_received,1785955457,344.000000,,,,,,,,,default,,,,,,,
iteration_duration,1785955457,326.302311,,,,,,,,,default,,,,,,,
iterations,1785955457,1.000000,,,,,,,,,default,,,,,,,
vus,1785955457,1.000000,,,,,,,,,,,,,,,,
vus_max,1785955457,50.000000,,,,,,,,,,,,,,,,
http_reqs,1785955458,1.000000,,,1404,false,,POST,https://fluency.lat/api/benchmark/db-cycle,HTTP/2.0,default,,404,,tls1.3,https://fluency.lat/api/benchmark/db-cycle,kind=db_write,
http_req_duration,1785955458,322.425277,,,1404,false,,POST,https://fluency.lat/api/benchmark/db-cycle,HTTP/2.0,default,,404,,tls1.3,https://fluency.lat/api/benchmark/db-cycle,kind=db_write,
http_req_blocked,1785955458,0.000210,,,1404,false,,POST,https://fluency.lat/api/benchmark/db-cycle,HTTP/2.0,default,,404,,tls1.3,https://fluency.lat/api/benchmark/db-cycle,kind=db_write,
http_req_connecting,1785955458,0.000000,,,1404,false,,POST,https://fluency.lat/api/benchmark/db-cycle,HTTP/2.0,default,,404,,tls1.3,https://fluency.lat/api/benchmark/db-cycle,kind=db_write,
http_req_tls_handshaking,1785955458,0.000000,,,1404,false,,POST,https://fluency.lat/api/benchmark/db-cycle,HTTP/2.0,default,,404,,tls1.3,https://fluency.lat/api/benchmark/db-cycle,kind=db_write,
http_req_sending,1785955458,0.070579,,,1404,false,,POST,https://fluency.lat/api/benchmark/db-cycle,HTTP/2.0,default,,404,,tls1.3,https://fluency.lat/api/benchmark/db-cycle,kind=db_write,
http_req_waiting,1785955458,322.318958,,,1404,false,,POST,https://fluency.lat/api/benchmark/db-cycle,HTTP/2.0,default,,404,,tls1.3,https://fluency.lat/api/benchmark/db-cycle,kind=db_write,
http_req_receiving,1785955458,0.035740,,,1404,false,,POST,https://fluency.lat/api/benchmark/db-cycle,HTTP/2.0,default,,404,,tls1.3,https://fluency.lat/api/benchmark/db-cycle,kind=db_write,
http_req_failed,1785955458,1.000000,,,1404,false,,POST,https://fluency.lat/api/benchmark/db-cycle,HTTP/2.0,default,,404,,tls1.3,https://fluency.lat/api/benchmark/db-cycle,kind=db_write,
db_duration,1785955458,322.425277,,,,,,,,,default,,,,,,,
checks,1785955458,0.000000,db 200,,,,,,,,default,,,,,,,
overflow_responses,1785955458,1.000000,,,,,,,,,default,,,,,,,
data_sent,1785955458,90.000000,,,,,,,,,default,,,,,,,
data_received,1785955458,367.000000,,,,,,,,,default,,,,,,,
iteration_duration,1785955458,322.546017,,,,,,,,,default,,,,,,,
iterations,1785955458,1.000000,,,,,,,,,default,,,,,,,
http_reqs,1785955458,1.000000,,,1404,false,,POST,https://fluency.lat/api/benchmark/db-cycle,HTTP/2.0,default,,404,,tls1.3,https://fluency.lat/api/benchmark/db-cycle,kind=db_write,
http_req_duration,1785955458,325.115485,,,1404,false,,POST,https://fluency.lat/api/benchmark/db-cycle,HTTP/2.0,default,,404,,tls1.3,https://fluency.lat/api/benchmark/db-cycle,kind=db_write,
http_req_blocked,1785955458,0.000580,,,1404,false,,POST,https://fluency.lat/api/benchmark/db-cycle,HTTP/2.0,default,,404,,tls1.3,https://fluency.lat/api/benchmark/db-cycle,kind=db_write,
http_req_connecting,1785955458,0.000000,,,1404,false,,POST,https://fluency.lat/api/benchmark/db-cycle,HTTP/2.0,default,,404,,tls1.3,https://fluency.lat/api/benchmark/db-cycle,kind=db_write,
http_req_tls_handshaking,1785955458,0.000000,,,1404,false,,POST,https://fluency.lat/api/benchmark/db-cycle,HTTP/2.0,default,,404,,tls1.3,https://fluency.lat/api/benchmark/db-cycle,kind=db_write,
http_req_sending,1785955458,0.055560,,,1404,false,,POST,https://fluency.lat/api/benchmark/db-cycle,HTTP/2.0,default,,404,,tls1.3,https://fluency.lat/api/benchmark/db-cycle,kind=db_write,
http_req_waiting,1785955458,325.021235,,,1404,false,,POST,https://fluency.lat/api/benchmark/db-cycle,HTTP/2.0,default,,404,,tls1.3,https://fluency.lat/api/benchmark/db-cycle,kind=db_write,
http_req_receiving,1785955458,0.038690,,,1404,false,,POST,https://fluency.lat/api/benchmark/db-cycle,HTTP/2.0,default,,404,,tls1.3,https://fluency.lat/api/benchmark/db-cycle,kind=db_write,
http_req_failed,1785955458,1.000000,,,1404,false,,POST,https://fluency.lat/api/benchmark/db-cycle,HTTP/2.0,default,,404,,tls1.3,https://fluency.lat/api/benchmark/db-cycle,kind=db_write,
db_duration,1785955458,325.115485,,,,,,,,,default,,,,,,,
checks,1785955458,0.000000,db 200,,,,,,,,default,,,,,,,
overflow_responses,1785955458,1.000000,,,,,,,,,default,,,,,,,
data_sent,1785955458,90.000000,,,,,,,,,default,,,,,,,
data_received,1785955458,348.000000,,,,,,,,,default,,,,,,,
iteration_duration,1785955458,325.230485,,,,,,,,,default,,,,,,,
iterations,1785955458,1.000000,,,,,,,,,default,,,,,,,
http_reqs,1785955458,1.000000,,,1404,false,,POST,https://fluency.lat/api/benchmark/db-cycle,HTTP/2.0,default,,404,,tls1.3,https://fluency.lat/api/benchmark/db-cycle,kind=db_write,
http_req_duration,1785955458,327.562470,,,1404,false,,POST,https://fluency.lat/api/benchmark/db-cycle,HTTP/2.0,default,,404,,tls1.3,https://fluency.lat/api/benchmark/db-cycle,kind=db_write,
http_req_blocked,1785955458,201.214220,,,1404,false,,POST,https://fluency.lat/api/benchmark/db-cycle,HTTP/2.0,default,,404,,tls1.3,https://fluency.lat/api/benchmark/db-cycle,kind=db_write,
http_req_connecting,1785955458,97.972553,,,1404,false,,POST,https://fluency.lat/api/benchmark/db-cycle,HTTP/2.0,default,,404,,tls1.3,https://fluency.lat/api/benchmark/db-cycle,kind=db_write,
http_req_tls_handshaking,1785955458,103.160517,,,1404,false,,POST,https://fluency.lat/api/benchmark/db-cycle,HTTP/2.0,default,,404,,tls1.3,https://fluency.lat/api/benchmark/db-cycle,kind=db_write,
http_req_sending,1785955458,0.082300,,,1404,false,,POST,https://fluency.lat/api/benchmark/db-cycle,HTTP/2.0,default,,404,,tls1.3,https://fluency.lat/api/benchmark/db-cycle,kind=db_write,
http_req_waiting,1785955458,327.455170,,,1404,false,,POST,https://fluency.lat/api/benchmark/db-cycle,HTTP/2.0,default,,404,,tls1.3,https://fluency.lat/api/benchmark/db-cycle,kind=db_write,
http_req_receiving,1785955458,0.025000,,,1404,false,,POST,https://fluency.lat/api/benchmark/db-cycle,HTTP/2.0,default,,404,,tls1.3,https://fluency.lat/api/benchmark/db-cycle,kind=db_write,
http_req_failed,1785955458,1.000000,,,1404,false,,POST,https://fluency.lat/api/benchmark/db-cycle,HTTP/2.0,default,,404,,tls1.3,https://fluency.lat/api/benchmark/db-cycle,kind=db_write,
db_duration,1785955458,327.562470,,,,,,,,,default,,,,,,,
checks,1785955458,0.000000,db 200,,,,,,,,default,,,,,,,
overflow_responses,1785955458,1.000000,,,,,,,,,default,,,,,,,
data_sent,1785955458,1849.000000,,,,,,,,,default,,,,,,,
data_received,1785955458,4580.000000,,,,,,,,,default,,,,,,,
iteration_duration,1785955458,528.914010,,,,,,,,,default,,,,,,,
iterations,1785955458,1.000000,,,,,,,,,default,,,,,,,
http_reqs,1785955458,1.000000,,,1404,false,,POST,https://fluency.lat/api/benchmark/db-cycle,HTTP/2.0,default,,404,,tls1.3,https://fluency.lat/api/benchmark/db-cycle,kind=db_write,
http_req_duration,1785955458,321.160199,,,1404,false,,POST,https://fluency.lat/api/benchmark/db-cycle,HTTP/2.0,default,,404,,tls1.3,https://fluency.lat/api/benchmark/db-cycle,kind=db_write,
http_req_blocked,1785955458,0.000210,,,1404,false,,POST,https://fluency.lat/api/benchmark/db-cycle,HTTP/2.0,default,,404,,tls1.3,https://fluency.lat/api/benchmark/db-cycle,kind=db_write,
http_req_connecting,1785955458,0.000000,,,1404,false,,POST,https://fluency.lat/api/benchmark/db-cycle,HTTP/2.0,default,,404,,tls1.3,https://fluency.lat/api/benchmark/db-cycle,kind=db_write,
http_req_tls_handshaking,1785955458,0.000000,,,1404,false,,POST,https://fluency.lat/api/benchmark/db-cycle,HTTP/2.0,default,,404,,tls1.3,https://fluency.lat/api/benchmark/db-cycle,kind=db_write,
http_req_sending,1785955458,0.045340,,,1404,false,,POST,https://fluency.lat/api/benchmark/db-cycle,HTTP/2.0,default,,404,,tls1.3,https://fluency.lat/api/benchmark/db-cycle,kind=db_write,
http_req_waiting,1785955458,321.069759,,,1404,false,,POST,https://fluency.lat/api/benchmark/db-cycle,HTTP/2.0,default,,404,,tls1.3,https://fluency.lat/api/benchmark/db-cycle,kind=db_write,
http_req_receiving,1785955458,0.045100,,,1404,false,,POST,https://fluency.lat/api/benchmark/db-cycle,HTTP/2.0,default,,404,,tls1.3,https://fluency.lat/api/benchmark/db-cycle,kind=db_write,
http_req_failed,1785955458,1.000000,,,1404,false,,POST,https://fluency.lat/api/benchmark/db-cycle,HTTP/2.0,default,,404,,tls1.3,https://fluency.lat/api/benchmark/db-cycle,kind=db_write,
db_duration,1785955458,321.160199,,,,,,,,,default,,,,,,,
checks,1785955458,0.000000,db 200,,,,,,,,default,,,,,,,
overflow_responses,1785955458,1.000000,,,,,,,,,default,,,,,,,
data_sent,1785955458,90.000000,,,,,,,,,default,,,,,,,
data_received,1785955458,325.000000,,,,,,,,,default,,,,,,,
iteration_duration,1785955458,321.310789,,,,,,,,,default,,,,,,,
iterations,1785955458,1.000000,,,,,,,,,default,,,,,,,
vus,1785955458,2.000000,,,,,,,,,,,,,,,,
vus_max,1785955458,50.000000,,,,,,,,,,,,,,,,
http_reqs,1785955459,1.000000,,,1404,false,,POST,https://fluency.lat/api/benchmark/db-cycle,HTTP/2.0,default,,404,,tls1.3,https://fluency.lat/api/benchmark/db-cycle,kind=db_write,
http_req_duration,1785955459,324.324897,,,1404,false,,POST,https://fluency.lat/api/benchmark/db-cycle,HTTP/2.0,default,,404,,tls1.3,https://fluency.lat/api/benchmark/db-cycle,kind=db_write,
http_req_blocked,1785955459,0.000220,,,1404,false,,POST,https://fluency.lat/api/benchmark/db-cycle,HTTP/2.0,default,,404,,tls1.3,https://fluency.lat/api/benchmark/db-cycle,kind=db_write,
http_req_connecting,1785955459,0.000000,,,1404,false,,POST,https://fluency.lat/api/benchmark/db-cycle,HTTP/2.0,default,,404,,tls1.3,https://fluency.lat/api/benchmark/db-cycle,kind=db_write,
http_req_tls_handshaking,1785955459,0.000000,,,1404,false,,POST,https://fluency.lat/api/benchmark/db-cycle,HTTP/2.0,default,,404,,tls1.3,https://fluency.lat/api/benchmark/db-cycle,kind=db_write,
http_req_sending,1785955459,0.043350,,,1404,false,,POST,https://fluency.lat/api/benchmark/db-cycle,HTTP/2.0,default,,404,,tls1.3,https://fluency.lat/api/benchmark/db-cycle,kind=db_write,
http_req_waiting,1785955459,324.240337,,,1404,false,,POST,https://fluency.lat/api/benchmark/db-cycle,HTTP/2.0,default,,404,,tls1.3,https://fluency.lat/api/benchmark/db-cycle,kind=db_write,
http_req_receiving,1785955459,0.041210,,,1404,false,,POST,https://fluency.lat/api/benchmark/db-cycle,HTTP/2.0,default,,404,,tls1.3,https://fluency.lat/api/benchmark/db-cycle,kind=db_write,
http_req_failed,1785955459,1.000000,,,1404,false,,POST,https://fluency.lat/api/benchmark/db-cycle,HTTP/2.0,default,,404,,tls1.3,https://fluency.lat/api/benchmark/db-cycle,kind=db_write,
db_duration,1785955459,324.324897,,,,,,,,,default,,,,,,,
checks,1785955459,0.000000,db 200,,,,,,,,default,,,,,,,
overflow_responses,1785955459,1.000000,,,,,,,,,default,,,,,,,
data_sent,1785955459,90.000000,,,,,,,,,default,,,,,,,
data_received,1785955459,368.000000,,,,,,,,,default,,,,,,,
iteration_duration,1785955459,324.440837,,,,,,,,,default,,,,,,,
iterations,1785955459,1.000000,,,,,,,,,default,,,,,,,
http_reqs,1785955459,1.000000,,,1404,false,,POST,https://fluency.lat/api/benchmark/db-cycle,HTTP/2.0,default,,404,,tls1.3,https://fluency.lat/api/benchmark/db-cycle,kind=db_write,
http_req_duration,1785955459,321.004393,,,1404,false,,POST,https://fluency.lat/api/benchmark/db-cycle,HTTP/2.0,default,,404,,tls1.3,https://fluency.lat/api/benchmark/db-cycle,kind=db_write,
http_req_blocked,1785955459,0.000260,,,1404,false,,POST,https://fluency.lat/api/benchmark/db-cycle,HTTP/2.0,default,,404,,tls1.3,https://fluency.lat/api/benchmark/db-cycle,kind=db_write,
http_req_connecting,1785955459,0.000000,,,1404,false,,POST,https://fluency.lat/api/benchmark/db-cycle,HTTP/2.0,default,,404,,tls1.3,https://fluency.lat/api/benchmark/db-cycle,kind=db_write,
http_req_tls_handshaking,1785955459,0.000000,,,1404,false,,POST,https://fluency.lat/api/benchmark/db-cycle,HTTP/2.0,default,,404,,tls1.3,https://fluency.lat/api/benchmark/db-cycle,kind=db_write,
http_req_sending,1785955459,0.060900,,,1404,false,,POST,https://fluency.lat/api/benchmark/db-cycle,HTTP/2.0,default,,404,,tls1.3,https://fluency.lat/api/benchmark/db-cycle,kind=db_write,
http_req_waiting,1785955459,320.918693,,,1404,false,,POST,https://fluency.lat/api/benchmark/db-cycle,HTTP/2.0,default,,404,,tls1.3,https://fluency.lat/api/benchmark/db-cycle,kind=db_write,
http_req_receiving,1785955459,0.024800,,,1404,false,,POST,https://fluency.lat/api/benchmark/db-cycle,HTTP/2.0,default,,404,,tls1.3,https://fluency.lat/api/benchmark/db-cycle,kind=db_write,
http_req_failed,1785955459,1.000000,,,1404,false,,POST,https://fluency.lat/api/benchmark/db-cycle,HTTP/2.0,default,,404,,tls1.3,https://fluency.lat/api/benchmark/db-cycle,kind=db_write,
db_duration,1785955459,321.004393,,,,,,,,,default,,,,,,,
checks,1785955459,0.000000,db 200,,,,,,,,default,,,,,,,
overflow_responses,1785955459,1.000000,,,,,,,,,default,,,,,,,
data_sent,1785955459,90.000000,,,,,,,,,default,,,,,,,
data_received,1785955459,369.000000,,,,,,,,,default,,,,,,,
iteration_duration,1785955459,321.100683,,,,,,,,,default,,,,,,,
iterations,1785955459,1.000000,,,,,,,,,default,,,,,,,
http_reqs,1785955459,1.000000,,,1404,false,,POST,https://fluency.lat/api/benchmark/db-cycle,HTTP/2.0,default,,404,,tls1.3,https://fluency.lat/api/benchmark/db-cycle,kind=db_write,
http_req_duration,1785955459,324.817346,,,1404,false,,POST,https://fluency.lat/api/benchmark/db-cycle,HTTP/2.0,default,,404,,tls1.3,https://fluency.lat/api/benchmark/db-cycle,kind=db_write,
http_req_blocked,1785955459,0.000290,,,1404,false,,POST,https://fluency.lat/api/benchmark/db-cycle,HTTP/2.0,default,,404,,tls1.3,https://fluency.lat/api/benchmark/db-cycle,kind=db_write,
http_req_connecting,1785955459,0.000000,,,1404,false,,POST,https://fluency.lat/api/benchmark/db-cycle,HTTP/2.0,default,,404,,tls1.3,https://fluency.lat/api/benchmark/db-cycle,kind=db_write,
http_req_tls_handshaking,1785955459,0.000000,,,1404,false,,POST,https://fluency.lat/api/benchmark/db-cycle,HTTP/2.0,default,,404,,tls1.3,https://fluency.lat/api/benchmark/db-cycle,kind=db_write,
http_req_sending,1785955459,0.063330,,,1404,false,,POST,https://fluency.lat/api/benchmark/db-cycle,HTTP/2.0,default,,404,,tls1.3,https://fluency.lat/api/benchmark/db-cycle,kind=db_write,
http_req_waiting,1785955459,324.715886,,,1404,false,,POST,https://fluency.lat/api/benchmark/db-cycle,HTTP/2.0,default,,404,,tls1.3,https://fluency.lat/api/benchmark/db-cycle,kind=db_write,
http_req_receiving,1785955459,0.038130,,,1404,false,,POST,https://fluency.lat/api/benchmark/db-cycle,HTTP/2.0,default,,404,,tls1.3,https://fluency.lat/api/benchmark/db-cycle,kind=db_write,
http_req_failed,1785955459,1.000000,,,1404,false,,POST,https://fluency.lat/api/benchmark/db-cycle,HTTP/2.0,default,,404,,tls1.3,https://fluency.lat/api/benchmark/db-cycle,kind=db_write,
db_duration,1785955459,324.817346,,,,,,,,,default,,,,,,,
checks,1785955459,0.000000,db 200,,,,,,,,default,,,,,,,
overflow_responses,1785955459,1.000000,,,,,,,,,default,,,,,,,
data_sent,1785955459,90.000000,,,,,,,,,default,,,,,,,
data_received,1785955459,343.000000,,,,,,,,,default,,,,,,,
iteration_duration,1785955459,324.928116,,,,,,,,,default,,,,,,,
iterations,1785955459,1.000000,,,,,,,,,default,,,,,,,
http_reqs,1785955459,1.000000,,,1404,false,,POST,https://fluency.lat/api/benchmark/db-cycle,HTTP/2.0,default,,404,,tls1.3,https://fluency.lat/api/benchmark/db-cycle,kind=db_write,
http_req_duration,1785955459,327.914162,,,1404,false,,POST,https://fluency.lat/api/benchmark/db-cycle,HTTP/2.0,default,,404,,tls1.3,https://fluency.lat/api/benchmark/db-cycle,kind=db_write,
http_req_blocked,1785955459,0.000230,,,1404,false,,POST,https://fluency.lat/api/benchmark/db-cycle,HTTP/2.0,default,,404,,tls1.3,https://fluency.lat/api/benchmark/db-cycle,kind=db_write,
http_req_connecting,1785955459,0.000000,,,1404,false,,POST,https://fluency.lat/api/benchmark/db-cycle,HTTP/2.0,default,,404,,tls1.3,https://fluency.lat/api/benchmark/db-cycle,kind=db_write,
http_req_tls_handshaking,1785955459,0.000000,,,1404,false,,POST,https://fluency.lat/api/benchmark/db-cycle,HTTP/2.0,default,,404,,tls1.3,https://fluency.lat/api/benchmark/db-cycle,kind=db_write,
http_req_sending,1785955459,0.057670,,,1404,false,,POST,https://fluency.lat/api/benchmark/db-cycle,HTTP/2.0,default,,404,,tls1.3,https://fluency.lat/api/benchmark/db-cycle,kind=db_write,
http_req_waiting,1785955459,327.819522,,,1404,false,,POST,https://fluency.lat/api/benchmark/db-cycle,HTTP/2.0,default,,404,,tls1.3,https://fluency.lat/api/benchmark/db-cycle,kind=db_write,
http_req_receiving,1785955459,0.036970,,,1404,false,,POST,https://fluency.lat/api/benchmark/db-cycle,HTTP/2.0,default,,404,,tls1.3,https://fluency.lat/api/benchmark/db-cycle,kind=db_write,
http_req_failed,1785955459,1.000000,,,1404,false,,POST,https://fluency.lat/api/benchmark/db-cycle,HTTP/2.0,default,,404,,tls1.3,https://fluency.lat/api/benchmark/db-cycle,kind=db_write,
db_duration,1785955459,327.914162,,,,,,,,,default,,,,,,,
checks,1785955459,0.000000,db 200,,,,,,,,default,,,,,,,
overflow_responses,1785955459,1.000000,,,,,,,,,default,,,,,,,
data_sent,1785955459,90.000000,,,,,,,,,default,,,,,,,
data_received,1785955459,347.000000,,,,,,,,,default,,,,,,,
iteration_duration,1785955459,328.008752,,,,,,,,,default,,,,,,,
iterations,1785955459,1.000000,,,,,,,,,default,,,,,,,
http_reqs,1785955459,1.000000,,,1404,false,,POST,https://fluency.lat/api/benchmark/db-cycle,HTTP/2.0,default,,404,,tls1.3,https://fluency.lat/api/benchmark/db-cycle,kind=db_write,
http_req_duration,1785955459,328.191534,,,1404,false,,POST,https://fluency.lat/api/benchmark/db-cycle,HTTP/2.0,default,,404,,tls1.3,https://fluency.lat/api/benchmark/db-cycle,kind=db_write,
http_req_blocked,1785955459,0.000200,,,1404,false,,POST,https://fluency.lat/api/benchmark/db-cycle,HTTP/2.0,default,,404,,tls1.3,https://fluency.lat/api/benchmark/db-cycle,kind=db_write,
http_req_connecting,1785955459,0.000000,,,1404,false,,POST,https://fluency.lat/api/benchmark/db-cycle,HTTP/2.0,default,,404,,tls1.3,https://fluency.lat/api/benchmark/db-cycle,kind=db_write,
http_req_tls_handshaking,1785955459,0.000000,,,1404,false,,POST,https://fluency.lat/api/benchmark/db-cycle,HTTP/2.0,default,,404,,tls1.3,https://fluency.lat/api/benchmark/db-cycle,kind=db_write,
http_req_sending,1785955459,0.048070,,,1404,false,,POST,https://fluency.lat/api/benchmark/db-cycle,HTTP/2.0,default,,404,,tls1.3,https://fluency.lat/api/benchmark/db-cycle,kind=db_write,
http_req_waiting,1785955459,328.111764,,,1404,false,,POST,https://fluency.lat/api/benchmark/db-cycle,HTTP/2.0,default,,404,,tls1.3,https://fluency.lat/api/benchmark/db-cycle,kind=db_write,
http_req_receiving,1785955459,0.031700,,,1404,false,,POST,https://fluency.lat/api/benchmark/db-cycle,HTTP/2.0,default,,404,,tls1.3,https://fluency.lat/api/benchmark/db-cycle,kind=db_write,
http_req_failed,1785955459,1.000000,,,1404,false,,POST,https://fluency.lat/api/benchmark/db-cycle,HTTP/2.0,default,,404,,tls1.3,https://fluency.lat/api/benchmark/db-cycle,kind=db_write,
db_duration,1785955459,328.191534,,,,,,,,,default,,,,,,,
checks,1785955459,0.000000,db 200,,,,,,,,default,,,,,,,
overflow_responses,1785955459,1.000000,,,,,,,,,default,,,,,,,
data_sent,1785955459,90.000000,,,,,,,,,default,,,,,,,
data_received,1785955459,348.000000,,,,,,,,,default,,,,,,,
iteration_duration,1785955459,328.293233,,,,,,,,,default,,,,,,,
iterations,1785955459,1.000000,,,,,,,,,default,,,,,,,
http_reqs,1785955459,1.000000,,,1404,false,,POST,https://fluency.lat/api/benchmark/db-cycle,HTTP/2.0,default,,404,,tls1.3,https://fluency.lat/api/benchmark/db-cycle,kind=db_write,
http_req_duration,1785955459,322.776452,,,1404,false,,POST,https://fluency.lat/api/benchmark/db-cycle,HTTP/2.0,default,,404,,tls1.3,https://fluency.lat/api/benchmark/db-cycle,kind=db_write,
http_req_blocked,1785955459,0.000250,,,1404,false,,POST,https://fluency.lat/api/benchmark/db-cycle,HTTP/2.0,default,,404,,tls1.3,https://fluency.lat/api/benchmark/db-cycle,kind=db_write,
http_req_connecting,1785955459,0.000000,,,1404,false,,POST,https://fluency.lat/api/benchmark/db-cycle,HTTP/2.0,default,,404,,tls1.3,https://fluency.lat/api/benchmark/db-cycle,kind=db_write,
http_req_tls_handshaking,1785955459,0.000000,,,1404,false,,POST,https://fluency.lat/api/benchmark/db-cycle,HTTP/2.0,default,,404,,tls1.3,https://fluency.lat/api/benchmark/db-cycle,kind=db_write,
http_req_sending,1785955459,0.049830,,,1404,false,,POST,https://fluency.lat/api/benchmark/db-cycle,HTTP/2.0,default,,404,,tls1.3,https://fluency.lat/api/benchmark/db-cycle,kind=db_write,
http_req_waiting,1785955459,322.693522,,,1404,false,,POST,https://fluency.lat/api/benchmark/db-cycle,HTTP/2.0,default,,404,,tls1.3,https://fluency.lat/api/benchmark/db-cycle,kind=db_write,
http_req_receiving,1785955459,0.033100,,,1404,false,,POST,https://fluency.lat/api/benchmark/db-cycle,HTTP/2.0,default,,404,,tls1.3,https://fluency.lat/api/benchmark/db-cycle,kind=db_write,
http_req_failed,1785955459,1.000000,,,1404,false,,POST,https://fluency.lat/api/benchmark/db-cycle,HTTP/2.0,default,,404,,tls1.3,https://fluency.lat/api/benchmark/db-cycle,kind=db_write,
db_duration,1785955459,322.776452,,,,,,,,,default,,,,,,,
checks,1785955459,0.000000,db 200,,,,,,,,default,,,,,,,
overflow_responses,1785955459,1.000000,,,,,,,,,default,,,,,,,
data_sent,1785955459,90.000000,,,,,,,,,default,,,,,,,
data_received,1785955459,562.000000,,,,,,,,,default,,,,,,,
iteration_duration,1785955459,322.886981,,,,,,,,,default,,,,,,,
iterations,1785955459,1.000000,,,,,,,,,default,,,,,,,
vus,1785955459,3.000000,,,,,,,,,,,,,,,,
vus_max,1785955459,50.000000,,,,,,,,,,,,,,,,
http_reqs,1785955460,1.000000,,,1404,false,,POST,https://fluency.lat/api/benchmark/db-cycle,HTTP/2.0,default,,404,,tls1.3,https://fluency.lat/api/benchmark/db-cycle,kind=db_write,
http_req_duration,1785955460,323.913760,,,1404,false,,POST,https://fluency.lat/api/benchmark/db-cycle,HTTP/2.0,default,,404,,tls1.3,https://fluency.lat/api/benchmark/db-cycle,kind=db_write,
http_req_blocked,1785955460,204.130548,,,1404,false,,POST,https://fluency.lat/api/benchmark/db-cycle,HTTP/2.0,default,,404,,tls1.3,https://fluency.lat/api/benchmark/db-cycle,kind=db_write,
http_req_connecting,1785955460,98.343985,,,1404,false,,POST,https://fluency.lat/api/benchmark/db-cycle,HTTP/2.0,default,,404,,tls1.3,https://fluency.lat/api/benchmark/db-cycle,kind=db_write,
http_req_tls_handshaking,1785955460,105.713903,,,1404,false,,POST,https://fluency.lat/api/benchmark/db-cycle,HTTP/2.0,default,,404,,tls1.3,https://fluency.lat/api/benchmark/db-cycle,kind=db_write,
http_req_sending,1785955460,0.071820,,,1404,false,,POST,https://fluency.lat/api/benchmark/db-cycle,HTTP/2.0,default,,404,,tls1.3,https://fluency.lat/api/benchmark/db-cycle,kind=db_write,
http_req_waiting,1785955460,323.804120,,,1404,false,,POST,https://fluency.lat/api/benchmark/db-cycle,HTTP/2.0,default,,404,,tls1.3,https://fluency.lat/api/benchmark/db-cycle,kind=db_write,
http_req_receiving,1785955460,0.037820,,,1404,false,,POST,https://fluency.lat/api/benchmark/db-cycle,HTTP/2.0,default,,404,,tls1.3,https://fluency.lat/api/benchmark/db-cycle,kind=db_write,
http_req_failed,1785955460,1.000000,,,1404,false,,POST,https://fluency.lat/api/benchmark/db-cycle,HTTP/2.0,default,,404,,tls1.3,https://fluency.lat/api/benchmark/db-cycle,kind=db_write,
db_duration,1785955460,323.913760,,,,,,,,,default,,,,,,,
checks,1785955460,0.000000,db 200,,,,,,,,default,,,,,,,
overflow_responses,1785955460,1.000000,,,,,,,,,default,,,,,,,
data_sent,1785955460,1849.000000,,,,,,,,,default,,,,,,,
data_received,1785955460,4578.000000,,,,,,,,,default,,,,,,,
iteration_duration,1785955460,528.213068,,,,,,,,,default,,,,,,,
iterations,1785955460,1.000000,,,,,,,,,default,,,,,,,
http_reqs,1785955460,1.000000,,,1404,false,,POST,https://fluency.lat/api/benchmark/db-cycle,HTTP/2.0,default,,404,,tls1.3,https://fluency.lat/api/benchmark/db-cycle,kind=db_write,
http_req_duration,1785955460,325.181469,,,1404,false,,POST,https://fluency.lat/api/benchmark/db-cycle,HTTP/2.0,default,,404,,tls1.3,https://fluency.lat/api/benchmark/db-cycle,kind=db_write,
http_req_blocked,1785955460,0.000270,,,1404,false,,POST,https://fluency.lat/api/benchmark/db-cycle,HTTP/2.0,default,,404,,tls1.3,https://fluency.lat/api/benchmark/db-cycle,kind=db_write,
http_req_connecting,1785955460,0.000000,,,1404,false,,POST,https://fluency.lat/api/benchmark/db-cycle,HTTP/2.0,default,,404,,tls1.3,https://fluency.lat/api/benchmark/db-cycle,kind=db_write,
http_req_tls_handshaking,1785955460,0.000000,,,1404,false,,POST,https://fluency.lat/api/benchmark/db-cycle,HTTP/2.0,default,,404,,tls1.3,https://fluency.lat/api/benchmark/db-cycle,kind=db_write,
http_req_sending,1785955460,0.043250,,,1404,false,,POST,https://fluency.lat/api/benchmark/db-cycle,HTTP/2.0,default,,404,,tls1.3,https://fluency.lat/api/benchmark/db-cycle,kind=db_write,
http_req_waiting,1785955460,325.111619,,,1404,false,,POST,https://fluency.lat/api/benchmark/db-cycle,HTTP/2.0,default,,404,,tls1.3,https://fluency.lat/api/benchmark/db-cycle,kind=db_write,
http_req_receiving,1785955460,0.026600,,,1404,false,,POST,https://fluency.lat/api/benchmark/db-cycle,HTTP/2.0,default,,404,,tls1.3,https://fluency.lat/api/benchmark/db-cycle,kind=db_write,
http_req_failed,1785955460,1.000000,,,1404,false,,POST,https://fluency.lat/api/benchmark/db-cycle,HTTP/2.0,default,,404,,tls1.3,https://fluency.lat/api/benchmark/db-cycle,kind=db_write,
db_duration,1785955460,325.181469,,,,,,,,,default,,,,,,,
checks,1785955460,0.000000,db 200,,,,,,,,default,,,,,,,
overflow_responses,1785955460,1.000000,,,,,,,,,default,,,,,,,
data_sent,1785955460,90.000000,,,,,,,,,default,,,,,,,
data_received,1785955460,370.000000,,,,,,,,,default,,,,,,,
iteration_duration,1785955460,325.267289,,,,,,,,,default,,,,,,,
iterations,1785955460,1.000000,,,,,,,,,default,,,,,,,
http_reqs,1785955460,1.000000,,,1404,false,,POST,https://fluency.lat/api/benchmark/db-cycle,HTTP/2.0,default,,404,,tls1.3,https://fluency.lat/api/benchmark/db-cycle,kind=db_write,
http_req_duration,1785955460,320.506496,,,1404,false,,POST,https://fluency.lat/api/benchmark/db-cycle,HTTP/2.0,default,,404,,tls1.3,https://fluency.lat/api/benchmark/db-cycle,kind=db_write,
http_req_blocked,1785955460,0.000230,,,1404,false,,POST,https://fluency.lat/api/benchmark/db-cycle,HTTP/2.0,default,,404,,tls1.3,https://fluency.lat/api/benchmark/db-cycle,kind=db_write,
http_req_connecting,1785955460,0.000000,,,1404,false,,POST,https://fluency.lat/api/benchmark/db-cycle,HTTP/2.0,default,,404,,tls1.3,https://fluency.lat/api/benchmark/db-cycle,kind=db_write,
http_req_tls_handshaking,1785955460,0.000000,,,1404,false,,POST,https://fluency.lat/api/benchmark/db-cycle,HTTP/2.0,default,,404,,tls1.3,https://fluency.lat/api/benchmark/db-cycle,kind=db_write,
http_req_sending,1785955460,0.060280,,,1404,false,,POST,https://fluency.lat/api/benchmark/db-cycle,HTTP/2.0,default,,404,,tls1.3,https://fluency.lat/api/benchmark/db-cycle,kind=db_write,
http_req_waiting,1785955460,320.239076,,,1404,false,,POST,https://fluency.lat/api/benchmark/db-cycle,HTTP/2.0,default,,404,,tls1.3,https://fluency.lat/api/benchmark/db-cycle,kind=db_write,
http_req_receiving,1785955460,0.207140,,,1404,false,,POST,https://fluency.lat/api/benchmark/db-cycle,HTTP/2.0,default,,404,,tls1.3,https://fluency.lat/api/benchmark/db-cycle,kind=db_write,
http_req_failed,1785955460,1.000000,,,1404,false,,POST,https://fluency.lat/api/benchmark/db-cycle,HTTP/2.0,default,,404,,tls1.3,https://fluency.lat/api/benchmark/db-cycle,kind=db_write,
db_duration,1785955460,320.506496,,,,,,,,,default,,,,,,,
checks,1785955460,0.000000,db 200,,,,,,,,default,,,,,,,
overflow_responses,1785955460,1.000000,,,,,,,,,default,,,,,,,
data_sent,1785955460,90.000000,,,,,,,,,default,,,,,,,
data_received,1785955460,370.000000,,,,,,,,,default,,,,,,,
iteration_duration,1785955460,320.590776,,,,,,,,,default,,,,,,,
iterations,1785955460,1.000000,,,,,,,,,default,,,,,,,
http_reqs,1785955460,1.000000,,,1404,false,,POST,https://fluency.lat/api/benchmark/db-cycle,HTTP/2.0,default,,404,,tls1.3,https://fluency.lat/api/benchmark/db-cycle,kind=db_write,
http_req_duration,1785955460,324.461160,,,1404,false,,POST,https://fluency.lat/api/benchmark/db-cycle,HTTP/2.0,default,,404,,tls1.3,https://fluency.lat/api/benchmark/db-cycle,kind=db_write,
http_req_blocked,1785955460,0.000220,,,1404,false,,POST,https://fluency.lat/api/benchmark/db-cycle,HTTP/2.0,default,,404,,tls1.3,https://fluency.lat/api/benchmark/db-cycle,kind=db_write,
http_req_connecting,1785955460,0.000000,,,1404,false,,POST,https://fluency.lat/api/benchmark/db-cycle,HTTP/2.0,default,,404,,tls1.3,https://fluency.lat/api/benchmark/db-cycle,kind=db_write,
http_req_tls_handshaking,1785955460,0.000000,,,1404,false,,POST,https://fluency.lat/api/benchmark/db-cycle,HTTP/2.0,default,,404,,tls1.3,https://fluency.lat/api/benchmark/db-cycle,kind=db_write,
http_req_sending,1785955460,0.055850,,,1404,false,,POST,https://fluency.lat/api/benchmark/db-cycle,HTTP/2.0,default,,404,,tls1.3,https://fluency.lat/api/benchmark/db-cycle,kind=db_write,
http_req_waiting,1785955460,324.371560,,,1404,false,,POST,https://fluency.lat/api/benchmark/db-cycle,HTTP/2.0,default,,404,,tls1.3,https://fluency.lat/api/benchmark/db-cycle,kind=db_write,
http_req_receiving,1785955460,0.033750,,,1404,false,,POST,https://fluency.lat/api/benchmark/db-cycle,HTTP/2.0,default,,404,,tls1.3,https://fluency.lat/api/benchmark/db-cycle,kind=db_write,
http_req_failed,1785955460,1.000000,,,1404,false,,POST,https://fluency.lat/api/benchmark/db-cycle,HTTP/2.0,default,,404,,tls1.3,https://fluency.lat/api/benchmark/db-cycle,kind=db_write,
db_duration,1785955460,324.461160,,,,,,,,,default,,,,,,,
checks,1785955460,0.000000,db 200,,,,,,,,default,,,,,,,
overflow_responses,1785955460,1.000000,,,,,,,,,default,,,,,,,
data_sent,1785955460,90.000000,,,,,,,,,default,,,,,,,
data_received,1785955460,367.000000,,,,,,,,,default,,,,,,,
iteration_duration,1785955460,324.586550,,,,,,,,,default,,,,,,,
iterations,1785955460,1.000000,,,,,,,,,default,,,,,,,
http_reqs,1785955460,1.000000,,,1404,false,,POST,https://fluency.lat/api/benchmark/db-cycle,HTTP/2.0,default,,404,,tls1.3,https://fluency.lat/api/benchmark/db-cycle,kind=db_write,
http_req_duration,1785955460,323.949790,,,1404,false,,POST,https://fluency.lat/api/benchmark/db-cycle,HTTP/2.0,default,,404,,tls1.3,https://fluency.lat/api/benchmark/db-cycle,kind=db_write,
http_req_blocked,1785955460,0.000210,,,1404,false,,POST,https://fluency.lat/api/benchmark/db-cycle,HTTP/2.0,default,,404,,tls1.3,https://fluency.lat/api/benchmark/db-cycle,kind=db_write,
http_req_connecting,1785955460,0.000000,,,1404,false,,POST,https://fluency.lat/api/benchmark/db-cycle,HTTP/2.0,default,,404,,tls1.3,https://fluency.lat/api/benchmark/db-cycle,kind=db_write,
http_req_tls_handshaking,1785955460,0.000000,,,1404,false,,POST,https://fluency.lat/api/benchmark/db-cycle,HTTP/2.0,default,,404,,tls1.3,https://fluency.lat/api/benchmark/db-cycle,kind=db_write,
http_req_sending,1785955460,0.039460,,,1404,false,,POST,https://fluency.lat/api/benchmark/db-cycle,HTTP/2.0,default,,404,,tls1.3,https://fluency.lat/api/benchmark/db-cycle,kind=db_write,
http_req_waiting,1785955460,323.696390,,,1404,false,,POST,https://fluency.lat/api/benchmark/db-cycle,HTTP/2.0,default,,404,,tls1.3,https://fluency.lat/api/benchmark/db-cycle,kind=db_write,
http_req_receiving,1785955460,0.213940,,,1404,false,,POST,https://fluency.lat/api/benchmark/db-cycle,HTTP/2.0,default,,404,,tls1.3,https://fluency.lat/api/benchmark/db-cycle,kind=db_write,
http_req_failed,1785955460,1.000000,,,1404,false,,POST,https://fluency.lat/api/benchmark/db-cycle,HTTP/2.0,default,,404,,tls1.3,https://fluency.lat/api/benchmark/db-cycle,kind=db_write,
db_duration,1785955460,323.949790,,,,,,,,,default,,,,,,,
checks,1785955460,0.000000,db 200,,,,,,,,default,,,,,,,
overflow_responses,1785955460,1.000000,,,,,,,,,default,,,,,,,
data_sent,1785955460,90.000000,,,,,,,,,default,,,,,,,
data_received,1785955460,321.000000,,,,,,,,,default,,,,,,,
iteration_duration,1785955460,324.027230,,,,,,,,,default,,,,,,,
iterations,1785955460,1.000000,,,,,,,,,default,,,,,,,
http_reqs,1785955460,1.000000,,,1404,false,,POST,https://fluency.lat/api/benchmark/db-cycle,HTTP/2.0,default,,404,,tls1.3,https://fluency.lat/api/benchmark/db-cycle,kind=db_write,
http_req_duration,1785955460,334.553644,,,1404,false,,POST,https://fluency.lat/api/benchmark/db-cycle,HTTP/2.0,default,,404,,tls1.3,https://fluency.lat/api/benchmark/db-cycle,kind=db_write,
http_req_blocked,1785955460,0.000310,,,1404,false,,POST,https://fluency.lat/api/benchmark/db-cycle,HTTP/2.0,default,,404,,tls1.3,https://fluency.lat/api/benchmark/db-cycle,kind=db_write,
http_req_connecting,1785955460,0.000000,,,1404,false,,POST,https://fluency.lat/api/benchmark/db-cycle,HTTP/2.0,default,,404,,tls1.3,https://fluency.lat/api/benchmark/db-cycle,kind=db_write,
http_req_tls_handshaking,1785955460,0.000000,,,1404,false,,POST,https://fluency.lat/api/benchmark/db-cycle,HTTP/2.0,default,,404,,tls1.3,https://fluency.lat/api/benchmark/db-cycle,kind=db_write,
http_req_sending,1785955460,0.043630,,,1404,false,,POST,https://fluency.lat/api/benchmark/db-cycle,HTTP/2.0,default,,404,,tls1.3,https://fluency.lat/api/benchmark/db-cycle,kind=db_write,
http_req_waiting,1785955460,334.488054,,,1404,false,,POST,https://fluency.lat/api/benchmark/db-cycle,HTTP/2.0,default,,404,,tls1.3,https://fluency.lat/api/benchmark/db-cycle,kind=db_write,
http_req_receiving,1785955460,0.021960,,,1404,false,,POST,https://fluency.lat/api/benchmark/db-cycle,HTTP/2.0,default,,404,,tls1.3,https://fluency.lat/api/benchmark/db-cycle,kind=db_write,
http_req_failed,1785955460,1.000000,,,1404,false,,POST,https://fluency.lat/api/benchmark/db-cycle,HTTP/2.0,default,,404,,tls1.3,https://fluency.lat/api/benchmark/db-cycle,kind=db_write,
db_duration,1785955460,334.553644,,,,,,,,,default,,,,,,,
checks,1785955460,0.000000,db 200,,,,,,,,default,,,,,,,
overflow_responses,1785955460,1.000000,,,,,,,,,default,,,,,,,
data_sent,1785955460,90.000000,,,,,,,,,default,,,,,,,
data_received,1785955460,348.000000,,,,,,,,,default,,,,,,,
iteration_duration,1785955460,334.630244,,,,,,,,,default,,,,,,,
iterations,1785955460,1.000000,,,,,,,,,default,,,,,,,
http_reqs,1785955460,1.000000,,,1404,false,,POST,https://fluency.lat/api/benchmark/db-cycle,HTTP/2.0,default,,404,,tls1.3,https://fluency.lat/api/benchmark/db-cycle,kind=db_write,
http_req_duration,1785955460,324.493890,,,1404,false,,POST,https://fluency.lat/api/benchmark/db-cycle,HTTP/2.0,default,,404,,tls1.3,https://fluency.lat/api/benchmark/db-cycle,kind=db_write,
http_req_blocked,1785955460,0.000250,,,1404,false,,POST,https://fluency.lat/api/benchmark/db-cycle,HTTP/2.0,default,,404,,tls1.3,https://fluency.lat/api/benchmark/db-cycle,kind=db_write,
http_req_connecting,1785955460,0.000000,,,1404,false,,POST,https://fluency.lat/api/benchmark/db-cycle,HTTP/2.0,default,,404,,tls1.3,https://fluency.lat/api/benchmark/db-cycle,kind=db_write,
http_req_tls_handshaking,1785955460,0.000000,,,1404,false,,POST,https://fluency.lat/api/benchmark/db-cycle,HTTP/2.0,default,,404,,tls1.3,https://fluency.lat/api/benchmark/db-cycle,kind=db_write,
http_req_sending,1785955460,0.054270,,,1404,false,,POST,https://fluency.lat/api/benchmark/db-cycle,HTTP/2.0,default,,404,,tls1.3,https://fluency.lat/api/benchmark/db-cycle,kind=db_write,
http_req_waiting,1785955460,324.406540,,,1404,false,,POST,https://fluency.lat/api/benchmark/db-cycle,HTTP/2.0,default,,404,,tls1.3,https://fluency.lat/api/benchmark/db-cycle,kind=db_write,
http_req_receiving,1785955460,0.033080,,,1404,false,,POST,https://fluency.lat/api/benchmark/db-cycle,HTTP/2.0,default,,404,,tls1.3,https://fluency.lat/api/benchmark/db-cycle,kind=db_write,
http_req_failed,1785955460,1.000000,,,1404,false,,POST,https://fluency.lat/api/benchmark/db-cycle,HTTP/2.0,default,,404,,tls1.3,https://fluency.lat/api/benchmark/db-cycle,kind=db_write,
db_duration,1785955460,324.493890,,,,,,,,,default,,,,,,,
checks,1785955460,0.000000,db 200,,,,,,,,default,,,,,,,
overflow_responses,1785955460,1.000000,,,,,,,,,default,,,,,,,
data_sent,1785955460,90.000000,,,,,,,,,default,,,,,,,
data_received,1785955460,351.000000,,,,,,,,,default,,,,,,,
iteration_duration,1785955460,324.609140,,,,,,,,,default,,,,,,,
iterations,1785955460,1.000000,,,,,,,,,default,,,,,,,
http_reqs,1785955460,1.000000,,,1404,false,,POST,https://fluency.lat/api/benchmark/db-cycle,HTTP/2.0,default,,404,,tls1.3,https://fluency.lat/api/benchmark/db-cycle,kind=db_write,
http_req_duration,1785955460,324.061781,,,1404,false,,POST,https://fluency.lat/api/benchmark/db-cycle,HTTP/2.0,default,,404,,tls1.3,https://fluency.lat/api/benchmark/db-cycle,kind=db_write,
http_req_blocked,1785955460,0.000240,,,1404,false,,POST,https://fluency.lat/api/benchmark/db-cycle,HTTP/2.0,default,,404,,tls1.3,https://fluency.lat/api/benchmark/db-cycle,kind=db_write,
http_req_connecting,1785955460,0.000000,,,1404,false,,POST,https://fluency.lat/api/benchmark/db-cycle,HTTP/2.0,default,,404,,tls1.3,https://fluency.lat/api/benchmark/db-cycle,kind=db_write,
http_req_tls_handshaking,1785955460,0.000000,,,1404,false,,POST,https://fluency.lat/api/benchmark/db-cycle,HTTP/2.0,default,,404,,tls1.3,https://fluency.lat/api/benchmark/db-cycle,kind=db_write,
http_req_sending,1785955460,0.042030,,,1404,false,,POST,https://fluency.lat/api/benchmark/db-cycle,HTTP/2.0,default,,404,,tls1.3,https://fluency.lat/api/benchmark/db-cycle,kind=db_write,
http_req_waiting,1785955460,323.997081,,,1404,false,,POST,https://fluency.lat/api/benchmark/db-cycle,HTTP/2.0,default,,404,,tls1.3,https://fluency.lat/api/benchmark/db-cycle,kind=db_write,
http_req_receiving,1785955460,0.022670,,,1404,false,,POST,https://fluency.lat/api/benchmark/db-cycle,HTTP/2.0,default,,404,,tls1.3,https://fluency.lat/api/benchmark/db-cycle,kind=db_write,
http_req_failed,1785955460,1.000000,,,1404,false,,POST,https://fluency.lat/api/benchmark/db-cycle,HTTP/2.0,default,,404,,tls1.3,https://fluency.lat/api/benchmark/db-cycle,kind=db_write,
db_duration,1785955460,324.061781,,,,,,,,,default,,,,,,,
checks,1785955460,0.000000,db 200,,,,,,,,default,,,,,,,
overflow_responses,1785955460,1.000000,,,,,,,,,default,,,,,,,
data_sent,1785955460,90.000000,,,,,,,,,default,,,,,,,
data_received,1785955460,347.000000,,,,,,,,,default,,,,,,,
iteration_duration,1785955460,324.145731,,,,,,,,,default,,,,,,,
iterations,1785955460,1.000000,,,,,,,,,default,,,,,,,
http_reqs,1785955460,1.000000,,,1404,false,,POST,https://fluency.lat/api/benchmark/db-cycle,HTTP/2.0,default,,404,,tls1.3,https://fluency.lat/api/benchmark/db-cycle,kind=db_write,
http_req_duration,1785955460,321.974744,,,1404,false,,POST,https://fluency.lat/api/benchmark/db-cycle,HTTP/2.0,default,,404,,tls1.3,https://fluency.lat/api/benchmark/db-cycle,kind=db_write,
http_req_blocked,1785955460,0.000270,,,1404,false,,POST,https://fluency.lat/api/benchmark/db-cycle,HTTP/2.0,default,,404,,tls1.3,https://fluency.lat/api/benchmark/db-cycle,kind=db_write,
http_req_connecting,1785955460,0.000000,,,1404,false,,POST,https://fluency.lat/api/benchmark/db-cycle,HTTP/2.0,default,,404,,tls1.3,https://fluency.lat/api/benchmark/db-cycle,kind=db_write,
http_req_tls_handshaking,1785955460,0.000000,,,1404,false,,POST,https://fluency.lat/api/benchmark/db-cycle,HTTP/2.0,default,,404,,tls1.3,https://fluency.lat/api/benchmark/db-cycle,kind=db_write,
http_req_sending,1785955460,0.050270,,,1404,false,,POST,https://fluency.lat/api/benchmark/db-cycle,HTTP/2.0,default,,404,,tls1.3,https://fluency.lat/api/benchmark/db-cycle,kind=db_write,
http_req_waiting,1785955460,321.907395,,,1404,false,,POST,https://fluency.lat/api/benchmark/db-cycle,HTTP/2.0,default,,404,,tls1.3,https://fluency.lat/api/benchmark/db-cycle,kind=db_write,
http_req_receiving,1785955460,0.017079,,,1404,false,,POST,https://fluency.lat/api/benchmark/db-cycle,HTTP/2.0,default,,404,,tls1.3,https://fluency.lat/api/benchmark/db-cycle,kind=db_write,
http_req_failed,1785955460,1.000000,,,1404,false,,POST,https://fluency.lat/api/benchmark/db-cycle,HTTP/2.0,default,,404,,tls1.3,https://fluency.lat/api/benchmark/db-cycle,kind=db_write,
db_duration,1785955460,321.974744,,,,,,,,,default,,,,,,,
checks,1785955460,0.000000,db 200,,,,,,,,default,,,,,,,
overflow_responses,1785955460,1.000000,,,,,,,,,default,,,,,,,
data_sent,1785955460,90.000000,,,,,,,,,default,,,,,,,
data_received,1785955460,319.000000,,,,,,,,,default,,,,,,,
iteration_duration,1785955460,322.057264,,,,,,,,,default,,,,,,,
iterations,1785955460,1.000000,,,,,,,,,default,,,,,,,
vus,1785955460,4.000000,,,,,,,,,,,,,,,,
vus_max,1785955460,50.000000,,,,,,,,,,,,,,,,
http_reqs,1785955461,1.000000,,,1404,false,,POST,https://fluency.lat/api/benchmark/db-cycle,HTTP/2.0,default,,404,,tls1.3,https://fluency.lat/api/benchmark/db-cycle,kind=db_write,
http_req_duration,1785955461,324.953139,,,1404,false,,POST,https://fluency.lat/api/benchmark/db-cycle,HTTP/2.0,default,,404,,tls1.3,https://fluency.lat/api/benchmark/db-cycle,kind=db_write,
http_req_blocked,1785955461,0.000250,,,1404,false,,POST,https://fluency.lat/api/benchmark/db-cycle,HTTP/2.0,default,,404,,tls1.3,https://fluency.lat/api/benchmark/db-cycle,kind=db_write,
http_req_connecting,1785955461,0.000000,,,1404,false,,POST,https://fluency.lat/api/benchmark/db-cycle,HTTP/2.0,default,,404,,tls1.3,https://fluency.lat/api/benchmark/db-cycle,kind=db_write,
http_req_tls_handshaking,1785955461,0.000000,,,1404,false,,POST,https://fluency.lat/api/benchmark/db-cycle,HTTP/2.0,default,,404,,tls1.3,https://fluency.lat/api/benchmark/db-cycle,kind=db_write,
http_req_sending,1785955461,0.050110,,,1404,false,,POST,https://fluency.lat/api/benchmark/db-cycle,HTTP/2.0,default,,404,,tls1.3,https://fluency.lat/api/benchmark/db-cycle,kind=db_write,
http_req_waiting,1785955461,324.870039,,,1404,false,,POST,https://fluency.lat/api/benchmark/db-cycle,HTTP/2.0,default,,404,,tls1.3,https://fluency.lat/api/benchmark/db-cycle,kind=db_write,
http_req_receiving,1785955461,0.032990,,,1404,false,,POST,https://fluency.lat/api/benchmark/db-cycle,HTTP/2.0,default,,404,,tls1.3,https://fluency.lat/api/benchmark/db-cycle,kind=db_write,
http_req_failed,1785955461,1.000000,,,1404,false,,POST,https://fluency.lat/api/benchmark/db-cycle,HTTP/2.0,default,,404,,tls1.3,https://fluency.lat/api/benchmark/db-cycle,kind=db_write,
db_duration,1785955461,324.953139,,,,,,,,,default,,,,,,,
checks,1785955461,0.000000,db 200,,,,,,,,default,,,,,,,
overflow_responses,1785955461,1.000000,,,,,,,,,default,,,,,,,
data_sent,1785955461,90.000000,,,,,,,,,default,,,,,,,
data_received,1785955461,318.000000,,,,,,,,,default,,,,,,,
iteration_duration,1785955461,325.065789,,,,,,,,,default,,,,,,,
iterations,1785955461,1.000000,,,,,,,,,default,,,,,,,
http_reqs,1785955461,1.000000,,,1404,false,,POST,https://fluency.lat/api/benchmark/db-cycle,HTTP/2.0,default,,404,,tls1.3,https://fluency.lat/api/benchmark/db-cycle,kind=db_write,
http_req_duration,1785955461,322.883803,,,1404,false,,POST,https://fluency.lat/api/benchmark/db-cycle,HTTP/2.0,default,,404,,tls1.3,https://fluency.lat/api/benchmark/db-cycle,kind=db_write,
http_req_blocked,1785955461,0.000220,,,1404,false,,POST,https://fluency.lat/api/benchmark/db-cycle,HTTP/2.0,default,,404,,tls1.3,https://fluency.lat/api/benchmark/db-cycle,kind=db_write,
http_req_connecting,1785955461,0.000000,,,1404,false,,POST,https://fluency.lat/api/benchmark/db-cycle,HTTP/2.0,default,,404,,tls1.3,https://fluency.lat/api/benchmark/db-cycle,kind=db_write,
http_req_tls_handshaking,1785955461,0.000000,,,1404,false,,POST,https://fluency.lat/api/benchmark/db-cycle,HTTP/2.0,default,,404,,tls1.3,https://fluency.lat/api/benchmark/db-cycle,kind=db_write,
http_req_sending,1785955461,0.037830,,,1404,false,,POST,https://fluency.lat/api/benchmark/db-cycle,HTTP/2.0,default,,404,,tls1.3,https://fluency.lat/api/benchmark/db-cycle,kind=db_write,
http_req_waiting,1785955461,322.656893,,,1404,false,,POST,https://fluency.lat/api/benchmark/db-cycle,HTTP/2.0,default,,404,,tls1.3,https://fluency.lat/api/benchmark/db-cycle,kind=db_write,
http_req_receiving,1785955461,0.189080,,,1404,false,,POST,https://fluency.lat/api/benchmark/db-cycle,HTTP/2.0,default,,404,,tls1.3,https://fluency.lat/api/benchmark/db-cycle,kind=db_write,
http_req_failed,1785955461,1.000000,,,1404,false,,POST,https://fluency.lat/api/benchmark/db-cycle,HTTP/2.0,default,,404,,tls1.3,https://fluency.lat/api/benchmark/db-cycle,kind=db_write,
db_duration,1785955461,322.883803,,,,,,,,,default,,,,,,,
checks,1785955461,0.000000,db 200,,,,,,,,default,,,,,,,
overflow_responses,1785955461,1.000000,,,,,,,,,default,,,,,,,
data_sent,1785955461,90.000000,,,,,,,,,default,,,,,,,
data_received,1785955461,565.000000,,,,,,,,,default,,,,,,,
iteration_duration,1785955461,322.967802,,,,,,,,,default,,,,,,,
iterations,1785955461,1.000000,,,,,,,,,default,,,,,,,
http_reqs,1785955461,1.000000,,,1404,false,,POST,https://fluency.lat/api/benchmark/db-cycle,HTTP/2.0,default,,404,,tls1.3,https://fluency.lat/api/benchmark/db-cycle,kind=db_write,
http_req_duration,1785955461,322.893523,,,1404,false,,POST,https://fluency.lat/api/benchmark/db-cycle,HTTP/2.0,default,,404,,tls1.3,https://fluency.lat/api/benchmark/db-cycle,kind=db_write,
http_req_blocked,1785955461,0.000210,,,1404,false,,POST,https://fluency.lat/api/benchmark/db-cycle,HTTP/2.0,default,,404,,tls1.3,https://fluency.lat/api/benchmark/db-cycle,kind=db_write,
http_req_connecting,1785955461,0.000000,,,1404,false,,POST,https://fluency.lat/api/benchmark/db-cycle,HTTP/2.0,default,,404,,tls1.3,https://fluency.lat/api/benchmark/db-cycle,kind=db_write,
http_req_tls_handshaking,1785955461,0.000000,,,1404,false,,POST,https://fluency.lat/api/benchmark/db-cycle,HTTP/2.0,default,,404,,tls1.3,https://fluency.lat/api/benchmark/db-cycle,kind=db_write,
http_req_sending,1785955461,0.032030,,,1404,false,,POST,https://fluency.lat/api/benchmark/db-cycle,HTTP/2.0,default,,404,,tls1.3,https://fluency.lat/api/benchmark/db-cycle,kind=db_write,
http_req_waiting,1785955461,322.838463,,,1404,false,,POST,https://fluency.lat/api/benchmark/db-cycle,HTTP/2.0,default,,404,,tls1.3,https://fluency.lat/api/benchmark/db-cycle,kind=db_write,
http_req_receiving,1785955461,0.023030,,,1404,false,,POST,https://fluency.lat/api/benchmark/db-cycle,HTTP/2.0,default,,404,,tls1.3,https://fluency.lat/api/benchmark/db-cycle,kind=db_write,
http_req_failed,1785955461,1.000000,,,1404,false,,POST,https://fluency.lat/api/benchmark/db-cycle,HTTP/2.0,default,,404,,tls1.3,https://fluency.lat/api/benchmark/db-cycle,kind=db_write,
db_duration,1785955461,322.893523,,,,,,,,,default,,,,,,,
checks,1785955461,0.000000,db 200,,,,,,,,default,,,,,,,
overflow_responses,1785955461,1.000000,,,,,,,,,default,,,,,,,
data_sent,1785955461,90.000000,,,,,,,,,default,,,,,,,
data_received,1785955461,370.000000,,,,,,,,,default,,,,,,,
iteration_duration,1785955461,322.970783,,,,,,,,,default,,,,,,,
iterations,1785955461,1.000000,,,,,,,,,default,,,,,,,
http_reqs,1785955461,1.000000,,,1404,false,,POST,https://fluency.lat/api/benchmark/db-cycle,HTTP/2.0,default,,404,,tls1.3,https://fluency.lat/api/benchmark/db-cycle,kind=db_write,
http_req_duration,1785955461,330.318023,,,1404,false,,POST,https://fluency.lat/api/benchmark/db-cycle,HTTP/2.0,default,,404,,tls1.3,https://fluency.lat/api/benchmark/db-cycle,kind=db_write,
http_req_blocked,1785955461,202.075841,,,1404,false,,POST,https://fluency.lat/api/benchmark/db-cycle,HTTP/2.0,default,,404,,tls1.3,https://fluency.lat/api/benchmark/db-cycle,kind=db_write,
http_req_connecting,1785955461,97.395286,,,1404,false,,POST,https://fluency.lat/api/benchmark/db-cycle,HTTP/2.0,default,,404,,tls1.3,https://fluency.lat/api/benchmark/db-cycle,kind=db_write,
http_req_tls_handshaking,1785955461,104.617985,,,1404,false,,POST,https://fluency.lat/api/benchmark/db-cycle,HTTP/2.0,default,,404,,tls1.3,https://fluency.lat/api/benchmark/db-cycle,kind=db_write,
http_req_sending,1785955461,0.059930,,,1404,false,,POST,https://fluency.lat/api/benchmark/db-cycle,HTTP/2.0,default,,404,,tls1.3,https://fluency.lat/api/benchmark/db-cycle,kind=db_write,
http_req_waiting,1785955461,330.223383,,,1404,false,,POST,https://fluency.lat/api/benchmark/db-cycle,HTTP/2.0,default,,404,,tls1.3,https://fluency.lat/api/benchmark/db-cycle,kind=db_write,
http_req_receiving,1785955461,0.034710,,,1404,false,,POST,https://fluency.lat/api/benchmark/db-cycle,HTTP/2.0,default,,404,,tls1.3,https://fluency.lat/api/benchmark/db-cycle,kind=db_write,
http_req_failed,1785955461,1.000000,,,1404,false,,POST,https://fluency.lat/api/benchmark/db-cycle,HTTP/2.0,default,,404,,tls1.3,https://fluency.lat/api/benchmark/db-cycle,kind=db_write,
db_duration,1785955461,330.318023,,,,,,,,,default,,,,,,,
checks,1785955461,0.000000,db 200,,,,,,,,default,,,,,,,
overflow_responses,1785955461,1.000000,,,,,,,,,default,,,,,,,
data_sent,1785955461,1849.000000,,,,,,,,,default,,,,,,,
data_received,1785955461,4556.000000,,,,,,,,,default,,,,,,,
iteration_duration,1785955461,532.523654,,,,,,,,,default,,,,,,,
iterations,1785955461,1.000000,,,,,,,,,default,,,,,,,
http_reqs,1785955461,1.000000,,,1404,false,,POST,https://fluency.lat/api/benchmark/db-cycle,HTTP/2.0,default,,404,,tls1.3,https://fluency.lat/api/benchmark/db-cycle,kind=db_write,
http_req_duration,1785955461,327.310309,,,1404,false,,POST,https://fluency.lat/api/benchmark/db-cycle,HTTP/2.0,default,,404,,tls1.3,https://fluency.lat/api/benchmark/db-cycle,kind=db_write,
http_req_blocked,1785955461,0.000240,,,1404,false,,POST,https://fluency.lat/api/benchmark/db-cycle,HTTP/2.0,default,,404,,tls1.3,https://fluency.lat/api/benchmark/db-cycle,kind=db_write,
http_req_connecting,1785955461,0.000000,,,1404,false,,POST,https://fluency.lat/api/benchmark/db-cycle,HTTP/2.0,default,,404,,tls1.3,https://fluency.lat/api/benchmark/db-cycle,kind=db_write,
http_req_tls_handshaking,1785955461,0.000000,,,1404,false,,POST,https://fluency.lat/api/benchmark/db-cycle,HTTP/2.0,default,,404,,tls1.3,https://fluency.lat/api/benchmark/db-cycle,kind=db_write,
http_req_sending,1785955461,0.049190,,,1404,false,,POST,https://fluency.lat/api/benchmark/db-cycle,HTTP/2.0,default,,404,,tls1.3,https://fluency.lat/api/benchmark/db-cycle,kind=db_write,
http_req_waiting,1785955461,327.243649,,,1404,false,,POST,https://fluency.lat/api/benchmark/db-cycle,HTTP/2.0,default,,404,,tls1.3,https://fluency.lat/api/benchmark/db-cycle,kind=db_write,
http_req_receiving,1785955461,0.017470,,,1404,false,,POST,https://fluency.lat/api/benchmark/db-cycle,HTTP/2.0,default,,404,,tls1.3,https://fluency.lat/api/benchmark/db-cycle,kind=db_write,
http_req_failed,1785955461,1.000000,,,1404,false,,POST,https://fluency.lat/api/benchmark/db-cycle,HTTP/2.0,default,,404,,tls1.3,https://fluency.lat/api/benchmark/db-cycle,kind=db_write,
db_duration,1785955461,327.310309,,,,,,,,,default,,,,,,,
checks,1785955461,0.000000,db 200,,,,,,,,default,,,,,,,
overflow_responses,1785955461,1.000000,,,,,,,,,default,,,,,,,
data_sent,1785955461,90.000000,,,,,,,,,default,,,,,,,
data_received,1785955461,343.000000,,,,,,,,,default,,,,,,,
iteration_duration,1785955461,327.387888,,,,,,,,,default,,,,,,,
iterations,1785955461,1.000000,,,,,,,,,default,,,,,,,
http_reqs,1785955461,1.000000,,,1404,false,,POST,https://fluency.lat/api/benchmark/db-cycle,HTTP/2.0,default,,404,,tls1.3,https://fluency.lat/api/benchmark/db-cycle,kind=db_write,
http_req_duration,1785955461,323.301704,,,1404,false,,POST,https://fluency.lat/api/benchmark/db-cycle,HTTP/2.0,default,,404,,tls1.3,https://fluency.lat/api/benchmark/db-cycle,kind=db_write,
http_req_blocked,1785955461,0.000290,,,1404,false,,POST,https://fluency.lat/api/benchmark/db-cycle,HTTP/2.0,default,,404,,tls1.3,https://fluency.lat/api/benchmark/db-cycle,kind=db_write,
http_req_connecting,1785955461,0.000000,,,1404,false,,POST,https://fluency.lat/api/benchmark/db-cycle,HTTP/2.0,default,,404,,tls1.3,https://fluency.lat/api/benchmark/db-cycle,kind=db_write,
http_req_tls_handshaking,1785955461,0.000000,,,1404,false,,POST,https://fluency.lat/api/benchmark/db-cycle,HTTP/2.0,default,,404,,tls1.3,https://fluency.lat/api/benchmark/db-cycle,kind=db_write,
http_req_sending,1785955461,0.039970,,,1404,false,,POST,https://fluency.lat/api/benchmark/db-cycle,HTTP/2.0,default,,404,,tls1.3,https://fluency.lat/api/benchmark/db-cycle,kind=db_write,
http_req_waiting,1785955461,323.240804,,,1404,false,,POST,https://fluency.lat/api/benchmark/db-cycle,HTTP/2.0,default,,404,,tls1.3,https://fluency.lat/api/benchmark/db-cycle,kind=db_write,
http_req_receiving,1785955461,0.020930,,,1404,false,,POST,https://fluency.lat/api/benchmark/db-cycle,HTTP/2.0,default,,404,,tls1.3,https://fluency.lat/api/benchmark/db-cycle,kind=db_write,
http_req_failed,1785955461,1.000000,,,1404,false,,POST,https://fluency.lat/api/benchmark/db-cycle,HTTP/2.0,default,,404,,tls1.3,https://fluency.lat/api/benchmark/db-cycle,kind=db_write,
db_duration,1785955461,323.301704,,,,,,,,,default,,,,,,,
checks,1785955461,0.000000,db 200,,,,,,,,default,,,,,,,
overflow_responses,1785955461,1.000000,,,,,,,,,default,,,,,,,
data_sent,1785955461,90.000000,,,,,,,,,default,,,,,,,
data_received,1785955461,318.000000,,,,,,,,,default,,,,,,,
iteration_duration,1785955461,323.389264,,,,,,,,,default,,,,,,,
iterations,1785955461,1.000000,,,,,,,,,default,,,,,,,
http_reqs,1785955461,1.000000,,,1404,false,,POST,https://fluency.lat/api/benchmark/db-cycle,HTTP/2.0,default,,404,,tls1.3,https://fluency.lat/api/benchmark/db-cycle,kind=db_write,
http_req_duration,1785955461,320.954927,,,1404,false,,POST,https://fluency.lat/api/benchmark/db-cycle,HTTP/2.0,default,,404,,tls1.3,https://fluency.lat/api/benchmark/db-cycle,kind=db_write,
http_req_blocked,1785955461,0.000260,,,1404,false,,POST,https://fluency.lat/api/benchmark/db-cycle,HTTP/2.0,default,,404,,tls1.3,https://fluency.lat/api/benchmark/db-cycle,kind=db_write,
http_req_connecting,1785955461,0.000000,,,1404,false,,POST,https://fluency.lat/api/benchmark/db-cycle,HTTP/2.0,default,,404,,tls1.3,https://fluency.lat/api/benchmark/db-cycle,kind=db_write,
http_req_tls_handshaking,1785955461,0.000000,,,1404,false,,POST,https://fluency.lat/api/benchmark/db-cycle,HTTP/2.0,default,,404,,tls1.3,https://fluency.lat/api/benchmark/db-cycle,kind=db_write,
http_req_sending,1785955461,0.041010,,,1404,false,,POST,https://fluency.lat/api/benchmark/db-cycle,HTTP/2.0,default,,404,,tls1.3,https://fluency.lat/api/benchmark/db-cycle,kind=db_write,
http_req_waiting,1785955461,320.893677,,,1404,false,,POST,https://fluency.lat/api/benchmark/db-cycle,HTTP/2.0,default,,404,,tls1.3,https://fluency.lat/api/benchmark/db-cycle,kind=db_write,
http_req_receiving,1785955461,0.020240,,,1404,false,,POST,https://fluency.lat/api/benchmark/db-cycle,HTTP/2.0,default,,404,,tls1.3,https://fluency.lat/api/benchmark/db-cycle,kind=db_write,
http_req_failed,1785955461,1.000000,,,1404,false,,POST,https://fluency.lat/api/benchmark/db-cycle,HTTP/2.0,default,,404,,tls1.3,https://fluency.lat/api/benchmark/db-cycle,kind=db_write,
db_duration,1785955461,320.954927,,,,,,,,,default,,,,,,,
checks,1785955461,0.000000,db 200,,,,,,,,default,,,,,,,
overflow_responses,1785955461,1.000000,,,,,,,,,default,,,,,,,
data_sent,1785955461,90.000000,,,,,,,,,default,,,,,,,
data_received,1785955461,353.000000,,,,,,,,,default,,,,,,,
iteration_duration,1785955461,321.032247,,,,,,,,,default,,,,,,,
iterations,1785955461,1.000000,,,,,,,,,default,,,,,,,
http_reqs,1785955461,1.000000,,,1404,false,,POST,https://fluency.lat/api/benchmark/db-cycle,HTTP/2.0,default,,404,,tls1.3,https://fluency.lat/api/benchmark/db-cycle,kind=db_write,
http_req_duration,1785955461,321.935995,,,1404,false,,POST,https://fluency.lat/api/benchmark/db-cycle,HTTP/2.0,default,,404,,tls1.3,https://fluency.lat/api/benchmark/db-cycle,kind=db_write,
http_req_blocked,1785955461,0.000340,,,1404,false,,POST,https://fluency.lat/api/benchmark/db-cycle,HTTP/2.0,default,,404,,tls1.3,https://fluency.lat/api/benchmark/db-cycle,kind=db_write,
http_req_connecting,1785955461,0.000000,,,1404,false,,POST,https://fluency.lat/api/benchmark/db-cycle,HTTP/2.0,default,,404,,tls1.3,https://fluency.lat/api/benchmark/db-cycle,kind=db_write,
http_req_tls_handshaking,1785955461,0.000000,,,1404,false,,POST,https://fluency.lat/api/benchmark/db-cycle,HTTP/2.0,default,,404,,tls1.3,https://fluency.lat/api/benchmark/db-cycle,kind=db_write,
http_req_sending,1785955461,0.044840,,,1404,false,,POST,https://fluency.lat/api/benchmark/db-cycle,HTTP/2.0,default,,404,,tls1.3,https://fluency.lat/api/benchmark/db-cycle,kind=db_write,
http_req_waiting,1785955461,321.492116,,,1404,false,,POST,https://fluency.lat/api/benchmark/db-cycle,HTTP/2.0,default,,404,,tls1.3,https://fluency.lat/api/benchmark/db-cycle,kind=db_write,
http_req_receiving,1785955461,0.399039,,,1404,false,,POST,https://fluency.lat/api/benchmark/db-cycle,HTTP/2.0,default,,404,,tls1.3,https://fluency.lat/api/benchmark/db-cycle,kind=db_write,
http_req_failed,1785955461,1.000000,,,1404,false,,POST,https://fluency.lat/api/benchmark/db-cycle,HTTP/2.0,default,,404,,tls1.3,https://fluency.lat/api/benchmark/db-cycle,kind=db_write,
db_duration,1785955461,321.935995,,,,,,,,,default,,,,,,,
checks,1785955461,0.000000,db 200,,,,,,,,default,,,,,,,
overflow_responses,1785955461,1.000000,,,,,,,,,default,,,,,,,
data_sent,1785955461,90.000000,,,,,,,,,default,,,,,,,
data_received,1785955461,346.000000,,,,,,,,,default,,,,,,,
iteration_duration,1785955461,322.048275,,,,,,,,,default,,,,,,,
iterations,1785955461,1.000000,,,,,,,,,default,,,,,,,
http_reqs,1785955461,1.000000,,,1404,false,,POST,https://fluency.lat/api/benchmark/db-cycle,HTTP/2.0,default,,404,,tls1.3,https://fluency.lat/api/benchmark/db-cycle,kind=db_write,
http_req_duration,1785955461,321.175296,,,1404,false,,POST,https://fluency.lat/api/benchmark/db-cycle,HTTP/2.0,default,,404,,tls1.3,https://fluency.lat/api/benchmark/db-cycle,kind=db_write,
http_req_blocked,1785955461,0.000460,,,1404,false,,POST,https://fluency.lat/api/benchmark/db-cycle,HTTP/2.0,default,,404,,tls1.3,https://fluency.lat/api/benchmark/db-cycle,kind=db_write,
http_req_connecting,1785955461,0.000000,,,1404,false,,POST,https://fluency.lat/api/benchmark/db-cycle,HTTP/2.0,default,,404,,tls1.3,https://fluency.lat/api/benchmark/db-cycle,kind=db_write,
http_req_tls_handshaking,1785955461,0.000000,,,1404,false,,POST,https://fluency.lat/api/benchmark/db-cycle,HTTP/2.0,default,,404,,tls1.3,https://fluency.lat/api/benchmark/db-cycle,kind=db_write,
http_req_sending,1785955461,0.039010,,,1404,false,,POST,https://fluency.lat/api/benchmark/db-cycle,HTTP/2.0,default,,404,,tls1.3,https://fluency.lat/api/benchmark/db-cycle,kind=db_write,
http_req_waiting,1785955461,321.114066,,,1404,false,,POST,https://fluency.lat/api/benchmark/db-cycle,HTTP/2.0,default,,404,,tls1.3,https://fluency.lat/api/benchmark/db-cycle,kind=db_write,
http_req_receiving,1785955461,0.022220,,,1404,false,,POST,https://fluency.lat/api/benchmark/db-cycle,HTTP/2.0,default,,404,,tls1.3,https://fluency.lat/api/benchmark/db-cycle,kind=db_write,
http_req_failed,1785955461,1.000000,,,1404,false,,POST,https://fluency.lat/api/benchmark/db-cycle,HTTP/2.0,default,,404,,tls1.3,https://fluency.lat/api/benchmark/db-cycle,kind=db_write,
db_duration,1785955461,321.175296,,,,,,,,,default,,,,,,,
checks,1785955461,0.000000,db 200,,,,,,,,default,,,,,,,
overflow_responses,1785955461,1.000000,,,,,,,,,default,,,,,,,
data_sent,1785955461,90.000000,,,,,,,,,default,,,,,,,
data_received,1785955461,343.000000,,,,,,,,,default,,,,,,,
iteration_duration,1785955461,321.251276,,,,,,,,,default,,,,,,,
iterations,1785955461,1.000000,,,,,,,,,default,,,,,,,
http_reqs,1785955461,1.000000,,,1404,false,,POST,https://fluency.lat/api/benchmark/db-cycle,HTTP/2.0,default,,404,,tls1.3,https://fluency.lat/api/benchmark/db-cycle,kind=db_write,
http_req_duration,1785955461,319.932548,,,1404,false,,POST,https://fluency.lat/api/benchmark/db-cycle,HTTP/2.0,default,,404,,tls1.3,https://fluency.lat/api/benchmark/db-cycle,kind=db_write,
http_req_blocked,1785955461,0.000260,,,1404,false,,POST,https://fluency.lat/api/benchmark/db-cycle,HTTP/2.0,default,,404,,tls1.3,https://fluency.lat/api/benchmark/db-cycle,kind=db_write,
http_req_connecting,1785955461,0.000000,,,1404,false,,POST,https://fluency.lat/api/benchmark/db-cycle,HTTP/2.0,default,,404,,tls1.3,https://fluency.lat/api/benchmark/db-cycle,kind=db_write,
http_req_tls_handshaking,1785955461,0.000000,,,1404,false,,POST,https://fluency.lat/api/benchmark/db-cycle,HTTP/2.0,default,,404,,tls1.3,https://fluency.lat/api/benchmark/db-cycle,kind=db_write,
http_req_sending,1785955461,0.037930,,,1404,false,,POST,https://fluency.lat/api/benchmark/db-cycle,HTTP/2.0,default,,404,,tls1.3,https://fluency.lat/api/benchmark/db-cycle,kind=db_write,
http_req_waiting,1785955461,319.873919,,,1404,false,,POST,https://fluency.lat/api/benchmark/db-cycle,HTTP/2.0,default,,404,,tls1.3,https://fluency.lat/api/benchmark/db-cycle,kind=db_write,
http_req_receiving,1785955461,0.020699,,,1404,false,,POST,https://fluency.lat/api/benchmark/db-cycle,HTTP/2.0,default,,404,,tls1.3,https://fluency.lat/api/benchmark/db-cycle,kind=db_write,
http_req_failed,1785955461,1.000000,,,1404,false,,POST,https://fluency.lat/api/benchmark/db-cycle,HTTP/2.0,default,,404,,tls1.3,https://fluency.lat/api/benchmark/db-cycle,kind=db_write,
db_duration,1785955461,319.932548,,,,,,,,,default,,,,,,,
checks,1785955461,0.000000,db 200,,,,,,,,default,,,,,,,
overflow_responses,1785955461,1.000000,,,,,,,,,default,,,,,,,
data_sent,1785955461,90.000000,,,,,,,,,default,,,,,,,
data_received,1785955461,348.000000,,,,,,,,,default,,,,,,,
iteration_duration,1785955461,320.013108,,,,,,,,,default,,,,,,,
iterations,1785955461,1.000000,,,,,,,,,default,,,,,,,
http_reqs,1785955461,1.000000,,,1404,false,,POST,https://fluency.lat/api/benchmark/db-cycle,HTTP/2.0,default,,404,,tls1.3,https://fluency.lat/api/benchmark/db-cycle,kind=db_write,
http_req_duration,1785955461,320.905657,,,1404,false,,POST,https://fluency.lat/api/benchmark/db-cycle,HTTP/2.0,default,,404,,tls1.3,https://fluency.lat/api/benchmark/db-cycle,kind=db_write,
http_req_blocked,1785955461,0.000260,,,1404,false,,POST,https://fluency.lat/api/benchmark/db-cycle,HTTP/2.0,default,,404,,tls1.3,https://fluency.lat/api/benchmark/db-cycle,kind=db_write,
http_req_connecting,1785955461,0.000000,,,1404,false,,POST,https://fluency.lat/api/benchmark/db-cycle,HTTP/2.0,default,,404,,tls1.3,https://fluency.lat/api/benchmark/db-cycle,kind=db_write,
http_req_tls_handshaking,1785955461,0.000000,,,1404,false,,POST,https://fluency.lat/api/benchmark/db-cycle,HTTP/2.0,default,,404,,tls1.3,https://fluency.lat/api/benchmark/db-cycle,kind=db_write,
http_req_sending,1785955461,0.036340,,,1404,false,,POST,https://fluency.lat/api/benchmark/db-cycle,HTTP/2.0,default,,404,,tls1.3,https://fluency.lat/api/benchmark/db-cycle,kind=db_write,
http_req_waiting,1785955461,320.848547,,,1404,false,,POST,https://fluency.lat/api/benchmark/db-cycle,HTTP/2.0,default,,404,,tls1.3,https://fluency.lat/api/benchmark/db-cycle,kind=db_write,
http_req_receiving,1785955461,0.020770,,,1404,false,,POST,https://fluency.lat/api/benchmark/db-cycle,HTTP/2.0,default,,404,,tls1.3,https://fluency.lat/api/benchmark/db-cycle,kind=db_write,
http_req_failed,1785955461,1.000000,,,1404,false,,POST,https://fluency.lat/api/benchmark/db-cycle,HTTP/2.0,default,,404,,tls1.3,https://fluency.lat/api/benchmark/db-cycle,kind=db_write,
db_duration,1785955461,320.905657,,,,,,,,,default,,,,,,,
checks,1785955461,0.000000,db 200,,,,,,,,default,,,,,,,
overflow_responses,1785955461,1.000000,,,,,,,,,default,,,,,,,
data_sent,1785955461,90.000000,,,,,,,,,default,,,,,,,
data_received,1785955461,347.000000,,,,,,,,,default,,,,,,,
iteration_duration,1785955461,320.981447,,,,,,,,,default,,,,,,,
iterations,1785955461,1.000000,,,,,,,,,default,,,,,,,
http_reqs,1785955461,1.000000,,,1404,false,,POST,https://fluency.lat/api/benchmark/db-cycle,HTTP/2.0,default,,404,,tls1.3,https://fluency.lat/api/benchmark/db-cycle,kind=db_write,
http_req_duration,1785955461,329.738636,,,1404,false,,POST,https://fluency.lat/api/benchmark/db-cycle,HTTP/2.0,default,,404,,tls1.3,https://fluency.lat/api/benchmark/db-cycle,kind=db_write,
http_req_blocked,1785955461,0.000260,,,1404,false,,POST,https://fluency.lat/api/benchmark/db-cycle,HTTP/2.0,default,,404,,tls1.3,https://fluency.lat/api/benchmark/db-cycle,kind=db_write,
http_req_connecting,1785955461,0.000000,,,1404,false,,POST,https://fluency.lat/api/benchmark/db-cycle,HTTP/2.0,default,,404,,tls1.3,https://fluency.lat/api/benchmark/db-cycle,kind=db_write,
http_req_tls_handshaking,1785955461,0.000000,,,1404,false,,POST,https://fluency.lat/api/benchmark/db-cycle,HTTP/2.0,default,,404,,tls1.3,https://fluency.lat/api/benchmark/db-cycle,kind=db_write,
http_req_sending,1785955461,0.053900,,,1404,false,,POST,https://fluency.lat/api/benchmark/db-cycle,HTTP/2.0,default,,404,,tls1.3,https://fluency.lat/api/benchmark/db-cycle,kind=db_write,
http_req_waiting,1785955461,329.642806,,,1404,false,,POST,https://fluency.lat/api/benchmark/db-cycle,HTTP/2.0,default,,404,,tls1.3,https://fluency.lat/api/benchmark/db-cycle,kind=db_write,
http_req_receiving,1785955461,0.041930,,,1404,false,,POST,https://fluency.lat/api/benchmark/db-cycle,HTTP/2.0,default,,404,,tls1.3,https://fluency.lat/api/benchmark/db-cycle,kind=db_write,
http_req_failed,1785955461,1.000000,,,1404,false,,POST,https://fluency.lat/api/benchmark/db-cycle,HTTP/2.0,default,,404,,tls1.3,https://fluency.lat/api/benchmark/db-cycle,kind=db_write,
db_duration,1785955461,329.738636,,,,,,,,,default,,,,,,,
checks,1785955461,0.000000,db 200,,,,,,,,default,,,,,,,
overflow_responses,1785955461,1.000000,,,,,,,,,default,,,,,,,
data_sent,1785955461,90.000000,,,,,,,,,default,,,,,,,
data_received,1785955461,349.000000,,,,,,,,,default,,,,,,,
iteration_duration,1785955461,329.877316,,,,,,,,,default,,,,,,,
iterations,1785955461,1.000000,,,,,,,,,default,,,,,,,
http_reqs,1785955461,1.000000,,,1404,false,,POST,https://fluency.lat/api/benchmark/db-cycle,HTTP/2.0,default,,404,,tls1.3,https://fluency.lat/api/benchmark/db-cycle,kind=db_write,
http_req_duration,1785955461,321.666767,,,1404,false,,POST,https://fluency.lat/api/benchmark/db-cycle,HTTP/2.0,default,,404,,tls1.3,https://fluency.lat/api/benchmark/db-cycle,kind=db_write,
http_req_blocked,1785955461,0.000220,,,1404,false,,POST,https://fluency.lat/api/benchmark/db-cycle,HTTP/2.0,default,,404,,tls1.3,https://fluency.lat/api/benchmark/db-cycle,kind=db_write,
http_req_connecting,1785955461,0.000000,,,1404,false,,POST,https://fluency.lat/api/benchmark/db-cycle,HTTP/2.0,default,,404,,tls1.3,https://fluency.lat/api/benchmark/db-cycle,kind=db_write,
http_req_tls_handshaking,1785955461,0.000000,,,1404,false,,POST,https://fluency.lat/api/benchmark/db-cycle,HTTP/2.0,default,,404,,tls1.3,https://fluency.lat/api/benchmark/db-cycle,kind=db_write,
http_req_sending,1785955461,0.044170,,,1404,false,,POST,https://fluency.lat/api/benchmark/db-cycle,HTTP/2.0,default,,404,,tls1.3,https://fluency.lat/api/benchmark/db-cycle,kind=db_write,
http_req_waiting,1785955461,320.829698,,,1404,false,,POST,https://fluency.lat/api/benchmark/db-cycle,HTTP/2.0,default,,404,,tls1.3,https://fluency.lat/api/benchmark/db-cycle,kind=db_write,
http_req_receiving,1785955461,0.792899,,,1404,false,,POST,https://fluency.lat/api/benchmark/db-cycle,HTTP/2.0,default,,404,,tls1.3,https://fluency.lat/api/benchmark/db-cycle,kind=db_write,
http_req_failed,1785955461,1.000000,,,1404,false,,POST,https://fluency.lat/api/benchmark/db-cycle,HTTP/2.0,default,,404,,tls1.3,https://fluency.lat/api/benchmark/db-cycle,kind=db_write,
db_duration,1785955461,321.666767,,,,,,,,,default,,,,,,,
checks,1785955461,0.000000,db 200,,,,,,,,default,,,,,,,
overflow_responses,1785955461,1.000000,,,,,,,,,default,,,,,,,
data_sent,1785955461,90.000000,,,,,,,,,default,,,,,,,
data_received,1785955461,321.000000,,,,,,,,,default,,,,,,,
iteration_duration,1785955461,321.755987,,,,,,,,,default,,,,,,,
iterations,1785955461,1.000000,,,,,,,,,default,,,,,,,
vus,1785955461,4.000000,,,,,,,,,,,,,,,,
vus_max,1785955461,50.000000,,,,,,,,,,,,,,,,
http_reqs,1785955462,1.000000,,,1404,false,,POST,https://fluency.lat/api/benchmark/db-cycle,HTTP/2.0,default,,404,,tls1.3,https://fluency.lat/api/benchmark/db-cycle,kind=db_write,
http_req_duration,1785955462,323.211846,,,1404,false,,POST,https://fluency.lat/api/benchmark/db-cycle,HTTP/2.0,default,,404,,tls1.3,https://fluency.lat/api/benchmark/db-cycle,kind=db_write,
http_req_blocked,1785955462,0.000260,,,1404,false,,POST,https://fluency.lat/api/benchmark/db-cycle,HTTP/2.0,default,,404,,tls1.3,https://fluency.lat/api/benchmark/db-cycle,kind=db_write,
http_req_connecting,1785955462,0.000000,,,1404,false,,POST,https://fluency.lat/api/benchmark/db-cycle,HTTP/2.0,default,,404,,tls1.3,https://fluency.lat/api/benchmark/db-cycle,kind=db_write,
http_req_tls_handshaking,1785955462,0.000000,,,1404,false,,POST,https://fluency.lat/api/benchmark/db-cycle,HTTP/2.0,default,,404,,tls1.3,https://fluency.lat/api/benchmark/db-cycle,kind=db_write,
http_req_sending,1785955462,0.040870,,,1404,false,,POST,https://fluency.lat/api/benchmark/db-cycle,HTTP/2.0,default,,404,,tls1.3,https://fluency.lat/api/benchmark/db-cycle,kind=db_write,
http_req_waiting,1785955462,323.135476,,,1404,false,,POST,https://fluency.lat/api/benchmark/db-cycle,HTTP/2.0,default,,404,,tls1.3,https://fluency.lat/api/benchmark/db-cycle,kind=db_write,
http_req_receiving,1785955462,0.035500,,,1404,false,,POST,https://fluency.lat/api/benchmark/db-cycle,HTTP/2.0,default,,404,,tls1.3,https://fluency.lat/api/benchmark/db-cycle,kind=db_write,
http_req_failed,1785955462,1.000000,,,1404,false,,POST,https://fluency.lat/api/benchmark/db-cycle,HTTP/2.0,default,,404,,tls1.3,https://fluency.lat/api/benchmark/db-cycle,kind=db_write,
db_duration,1785955462,323.211846,,,,,,,,,default,,,,,,,
checks,1785955462,0.000000,db 200,,,,,,,,default,,,,,,,
overflow_responses,1785955462,1.000000,,,,,,,,,default,,,,,,,
data_sent,1785955462,90.000000,,,,,,,,,default,,,,,,,
data_received,1785955462,350.000000,,,,,,,,,default,,,,,,,
iteration_duration,1785955462,323.316366,,,,,,,,,default,,,,,,,
iterations,1785955462,1.000000,,,,,,,,,default,,,,,,,
http_reqs,1785955462,1.000000,,,1404,false,,POST,https://fluency.lat/api/benchmark/db-cycle,HTTP/2.0,default,,404,,tls1.3,https://fluency.lat/api/benchmark/db-cycle,kind=db_write,
http_req_duration,1785955462,327.596709,,,1404,false,,POST,https://fluency.lat/api/benchmark/db-cycle,HTTP/2.0,default,,404,,tls1.3,https://fluency.lat/api/benchmark/db-cycle,kind=db_write,
http_req_blocked,1785955462,0.000250,,,1404,false,,POST,https://fluency.lat/api/benchmark/db-cycle,HTTP/2.0,default,,404,,tls1.3,https://fluency.lat/api/benchmark/db-cycle,kind=db_write,
http_req_connecting,1785955462,0.000000,,,1404,false,,POST,https://fluency.lat/api/benchmark/db-cycle,HTTP/2.0,default,,404,,tls1.3,https://fluency.lat/api/benchmark/db-cycle,kind=db_write,
http_req_tls_handshaking,1785955462,0.000000,,,1404,false,,POST,https://fluency.lat/api/benchmark/db-cycle,HTTP/2.0,default,,404,,tls1.3,https://fluency.lat/api/benchmark/db-cycle,kind=db_write,
http_req_sending,1785955462,0.038750,,,1404,false,,POST,https://fluency.lat/api/benchmark/db-cycle,HTTP/2.0,default,,404,,tls1.3,https://fluency.lat/api/benchmark/db-cycle,kind=db_write,
http_req_waiting,1785955462,327.523819,,,1404,false,,POST,https://fluency.lat/api/benchmark/db-cycle,HTTP/2.0,default,,404,,tls1.3,https://fluency.lat/api/benchmark/db-cycle,kind=db_write,
http_req_receiving,1785955462,0.034140,,,1404,false,,POST,https://fluency.lat/api/benchmark/db-cycle,HTTP/2.0,default,,404,,tls1.3,https://fluency.lat/api/benchmark/db-cycle,kind=db_write,
http_req_failed,1785955462,1.000000,,,1404,false,,POST,https://fluency.lat/api/benchmark/db-cycle,HTTP/2.0,default,,404,,tls1.3,https://fluency.lat/api/benchmark/db-cycle,kind=db_write,
db_duration,1785955462,327.596709,,,,,,,,,default,,,,,,,
checks,1785955462,0.000000,db 200,,,,,,,,default,,,,,,,
overflow_responses,1785955462,1.000000,,,,,,,,,default,,,,,,,
data_sent,1785955462,90.000000,,,,,,,,,default,,,,,,,
data_received,1785955462,583.000000,,,,,,,,,default,,,,,,,
iteration_duration,1785955462,327.689499,,,,,,,,,default,,,,,,,
iterations,1785955462,1.000000,,,,,,,,,default,,,,,,,
http_reqs,1785955462,1.000000,,,1404,false,,POST,https://fluency.lat/api/benchmark/db-cycle,HTTP/2.0,default,,404,,tls1.3,https://fluency.lat/api/benchmark/db-cycle,kind=db_write,
http_req_duration,1785955462,329.435438,,,1404,false,,POST,https://fluency.lat/api/benchmark/db-cycle,HTTP/2.0,default,,404,,tls1.3,https://fluency.lat/api/benchmark/db-cycle,kind=db_write,
http_req_blocked,1785955462,0.000340,,,1404,false,,POST,https://fluency.lat/api/benchmark/db-cycle,HTTP/2.0,default,,404,,tls1.3,https://fluency.lat/api/benchmark/db-cycle,kind=db_write,
http_req_connecting,1785955462,0.000000,,,1404,false,,POST,https://fluency.lat/api/benchmark/db-cycle,HTTP/2.0,default,,404,,tls1.3,https://fluency.lat/api/benchmark/db-cycle,kind=db_write,
http_req_tls_handshaking,1785955462,0.000000,,,1404,false,,POST,https://fluency.lat/api/benchmark/db-cycle,HTTP/2.0,default,,404,,tls1.3,https://fluency.lat/api/benchmark/db-cycle,kind=db_write,
http_req_sending,1785955462,0.067670,,,1404,false,,POST,https://fluency.lat/api/benchmark/db-cycle,HTTP/2.0,default,,404,,tls1.3,https://fluency.lat/api/benchmark/db-cycle,kind=db_write,
http_req_waiting,1785955462,329.347438,,,1404,false,,POST,https://fluency.lat/api/benchmark/db-cycle,HTTP/2.0,default,,404,,tls1.3,https://fluency.lat/api/benchmark/db-cycle,kind=db_write,
http_req_receiving,1785955462,0.020330,,,1404,false,,POST,https://fluency.lat/api/benchmark/db-cycle,HTTP/2.0,default,,404,,tls1.3,https://fluency.lat/api/benchmark/db-cycle,kind=db_write,
http_req_failed,1785955462,1.000000,,,1404,false,,POST,https://fluency.lat/api/benchmark/db-cycle,HTTP/2.0,default,,404,,tls1.3,https://fluency.lat/api/benchmark/db-cycle,kind=db_write,
db_duration,1785955462,329.435438,,,,,,,,,default,,,,,,,
checks,1785955462,0.000000,db 200,,,,,,,,default,,,,,,,
overflow_responses,1785955462,1.000000,,,,,,,,,default,,,,,,,
data_sent,1785955462,90.000000,,,,,,,,,default,,,,,,,
data_received,1785955462,347.000000,,,,,,,,,default,,,,,,,
iteration_duration,1785955462,329.532677,,,,,,,,,default,,,,,,,
iterations,1785955462,1.000000,,,,,,,,,default,,,,,,,
http_reqs,1785955462,1.000000,,,1404,false,,POST,https://fluency.lat/api/benchmark/db-cycle,HTTP/2.0,default,,404,,tls1.3,https://fluency.lat/api/benchmark/db-cycle,kind=db_write,
http_req_duration,1785955462,328.136750,,,1404,false,,POST,https://fluency.lat/api/benchmark/db-cycle,HTTP/2.0,default,,404,,tls1.3,https://fluency.lat/api/benchmark/db-cycle,kind=db_write,
http_req_blocked,1785955462,0.000200,,,1404,false,,POST,https://fluency.lat/api/benchmark/db-cycle,HTTP/2.0,default,,404,,tls1.3,https://fluency.lat/api/benchmark/db-cycle,kind=db_write,
http_req_connecting,1785955462,0.000000,,,1404,false,,POST,https://fluency.lat/api/benchmark/db-cycle,HTTP/2.0,default,,404,,tls1.3,https://fluency.lat/api/benchmark/db-cycle,kind=db_write,
http_req_tls_handshaking,1785955462,0.000000,,,1404,false,,POST,https://fluency.lat/api/benchmark/db-cycle,HTTP/2.0,default,,404,,tls1.3,https://fluency.lat/api/benchmark/db-cycle,kind=db_write,
http_req_sending,1785955462,0.043120,,,1404,false,,POST,https://fluency.lat/api/benchmark/db-cycle,HTTP/2.0,default,,404,,tls1.3,https://fluency.lat/api/benchmark/db-cycle,kind=db_write,
http_req_waiting,1785955462,328.073650,,,1404,false,,POST,https://fluency.lat/api/benchmark/db-cycle,HTTP/2.0,default,,404,,tls1.3,https://fluency.lat/api/benchmark/db-cycle,kind=db_write,
http_req_receiving,1785955462,0.019980,,,1404,false,,POST,https://fluency.lat/api/benchmark/db-cycle,HTTP/2.0,default,,404,,tls1.3,https://fluency.lat/api/benchmark/db-cycle,kind=db_write,
http_req_failed,1785955462,1.000000,,,1404,false,,POST,https://fluency.lat/api/benchmark/db-cycle,HTTP/2.0,default,,404,,tls1.3,https://fluency.lat/api/benchmark/db-cycle,kind=db_write,
db_duration,1785955462,328.136750,,,,,,,,,default,,,,,,,
checks,1785955462,0.000000,db 200,,,,,,,,default,,,,,,,
overflow_responses,1785955462,1.000000,,,,,,,,,default,,,,,,,
data_sent,1785955462,90.000000,,,,,,,,,default,,,,,,,
data_received,1785955462,584.000000,,,,,,,,,default,,,,,,,
iteration_duration,1785955462,328.213830,,,,,,,,,default,,,,,,,
iterations,1785955462,1.000000,,,,,,,,,default,,,,,,,
http_reqs,1785955462,1.000000,,,1404,false,,POST,https://fluency.lat/api/benchmark/db-cycle,HTTP/2.0,default,,404,,tls1.3,https://fluency.lat/api/benchmark/db-cycle,kind=db_write,
http_req_duration,1785955462,323.120587,,,1404,false,,POST,https://fluency.lat/api/benchmark/db-cycle,HTTP/2.0,default,,404,,tls1.3,https://fluency.lat/api/benchmark/db-cycle,kind=db_write,
http_req_blocked,1785955462,0.000270,,,1404,false,,POST,https://fluency.lat/api/benchmark/db-cycle,HTTP/2.0,default,,404,,tls1.3,https://fluency.lat/api/benchmark/db-cycle,kind=db_write,
http_req_connecting,1785955462,0.000000,,,1404,false,,POST,https://fluency.lat/api/benchmark/db-cycle,HTTP/2.0,default,,404,,tls1.3,https://fluency.lat/api/benchmark/db-cycle,kind=db_write,
http_req_tls_handshaking,1785955462,0.000000,,,1404,false,,POST,https://fluency.lat/api/benchmark/db-cycle,HTTP/2.0,default,,404,,tls1.3,https://fluency.lat/api/benchmark/db-cycle,kind=db_write,
http_req_sending,1785955462,0.054370,,,1404,false,,POST,https://fluency.lat/api/benchmark/db-cycle,HTTP/2.0,default,,404,,tls1.3,https://fluency.lat/api/benchmark/db-cycle,kind=db_write,
http_req_waiting,1785955462,323.049447,,,1404,false,,POST,https://fluency.lat/api/benchmark/db-cycle,HTTP/2.0,default,,404,,tls1.3,https://fluency.lat/api/benchmark/db-cycle,kind=db_write,
http_req_receiving,1785955462,0.016770,,,1404,false,,POST,https://fluency.lat/api/benchmark/db-cycle,HTTP/2.0,default,,404,,tls1.3,https://fluency.lat/api/benchmark/db-cycle,kind=db_write,
http_req_failed,1785955462,1.000000,,,1404,false,,POST,https://fluency.lat/api/benchmark/db-cycle,HTTP/2.0,default,,404,,tls1.3,https://fluency.lat/api/benchmark/db-cycle,kind=db_write,
db_duration,1785955462,323.120587,,,,,,,,,default,,,,,,,
checks,1785955462,0.000000,db 200,,,,,,,,default,,,,,,,
overflow_responses,1785955462,1.000000,,,,,,,,,default,,,,,,,
data_sent,1785955462,90.000000,,,,,,,,,default,,,,,,,
data_received,1785955462,371.000000,,,,,,,,,default,,,,,,,
iteration_duration,1785955462,323.200757,,,,,,,,,default,,,,,,,
iterations,1785955462,1.000000,,,,,,,,,default,,,,,,,
http_reqs,1785955462,1.000000,,,1404,false,,POST,https://fluency.lat/api/benchmark/db-cycle,HTTP/2.0,default,,404,,tls1.3,https://fluency.lat/api/benchmark/db-cycle,kind=db_write,
http_req_duration,1785955462,325.941473,,,1404,false,,POST,https://fluency.lat/api/benchmark/db-cycle,HTTP/2.0,default,,404,,tls1.3,https://fluency.lat/api/benchmark/db-cycle,kind=db_write,
http_req_blocked,1785955462,0.000270,,,1404,false,,POST,https://fluency.lat/api/benchmark/db-cycle,HTTP/2.0,default,,404,,tls1.3,https://fluency.lat/api/benchmark/db-cycle,kind=db_write,
http_req_connecting,1785955462,0.000000,,,1404,false,,POST,https://fluency.lat/api/benchmark/db-cycle,HTTP/2.0,default,,404,,tls1.3,https://fluency.lat/api/benchmark/db-cycle,kind=db_write,
http_req_tls_handshaking,1785955462,0.000000,,,1404,false,,POST,https://fluency.lat/api/benchmark/db-cycle,HTTP/2.0,default,,404,,tls1.3,https://fluency.lat/api/benchmark/db-cycle,kind=db_write,
http_req_sending,1785955462,0.045690,,,1404,false,,POST,https://fluency.lat/api/benchmark/db-cycle,HTTP/2.0,default,,404,,tls1.3,https://fluency.lat/api/benchmark/db-cycle,kind=db_write,
http_req_waiting,1785955462,325.879153,,,1404,false,,POST,https://fluency.lat/api/benchmark/db-cycle,HTTP/2.0,default,,404,,tls1.3,https://fluency.lat/api/benchmark/db-cycle,kind=db_write,
http_req_receiving,1785955462,0.016630,,,1404,false,,POST,https://fluency.lat/api/benchmark/db-cycle,HTTP/2.0,default,,404,,tls1.3,https://fluency.lat/api/benchmark/db-cycle,kind=db_write,
http_req_failed,1785955462,1.000000,,,1404,false,,POST,https://fluency.lat/api/benchmark/db-cycle,HTTP/2.0,default,,404,,tls1.3,https://fluency.lat/api/benchmark/db-cycle,kind=db_write,
db_duration,1785955462,325.941473,,,,,,,,,default,,,,,,,
checks,1785955462,0.000000,db 200,,,,,,,,default,,,,,,,
overflow_responses,1785955462,1.000000,,,,,,,,,default,,,,,,,
data_sent,1785955462,90.000000,,,,,,,,,default,,,,,,,
data_received,1785955462,349.000000,,,,,,,,,default,,,,,,,
iteration_duration,1785955462,326.011533,,,,,,,,,default,,,,,,,
iterations,1785955462,1.000000,,,,,,,,,default,,,,,,,
http_reqs,1785955462,1.000000,,,1404,false,,POST,https://fluency.lat/api/benchmark/db-cycle,HTTP/2.0,default,,404,,tls1.3,https://fluency.lat/api/benchmark/db-cycle,kind=db_write,
http_req_duration,1785955462,324.917335,,,1404,false,,POST,https://fluency.lat/api/benchmark/db-cycle,HTTP/2.0,default,,404,,tls1.3,https://fluency.lat/api/benchmark/db-cycle,kind=db_write,
http_req_blocked,1785955462,201.500695,,,1404,false,,POST,https://fluency.lat/api/benchmark/db-cycle,HTTP/2.0,default,,404,,tls1.3,https://fluency.lat/api/benchmark/db-cycle,kind=db_write,
http_req_connecting,1785955462,97.559508,,,1404,false,,POST,https://fluency.lat/api/benchmark/db-cycle,HTTP/2.0,default,,404,,tls1.3,https://fluency.lat/api/benchmark/db-cycle,kind=db_write,
http_req_tls_handshaking,1785955462,103.865027,,,1404,false,,POST,https://fluency.lat/api/benchmark/db-cycle,HTTP/2.0,default,,404,,tls1.3,https://fluency.lat/api/benchmark/db-cycle,kind=db_write,
http_req_sending,1785955462,0.073270,,,1404,false,,POST,https://fluency.lat/api/benchmark/db-cycle,HTTP/2.0,default,,404,,tls1.3,https://fluency.lat/api/benchmark/db-cycle,kind=db_write,
http_req_waiting,1785955462,324.817185,,,1404,false,,POST,https://fluency.lat/api/benchmark/db-cycle,HTTP/2.0,default,,404,,tls1.3,https://fluency.lat/api/benchmark/db-cycle,kind=db_write,
http_req_receiving,1785955462,0.026880,,,1404,false,,POST,https://fluency.lat/api/benchmark/db-cycle,HTTP/2.0,default,,404,,tls1.3,https://fluency.lat/api/benchmark/db-cycle,kind=db_write,
http_req_failed,1785955462,1.000000,,,1404,false,,POST,https://fluency.lat/api/benchmark/db-cycle,HTTP/2.0,default,,404,,tls1.3,https://fluency.lat/api/benchmark/db-cycle,kind=db_write,
db_duration,1785955462,324.917335,,,,,,,,,default,,,,,,,
checks,1785955462,0.000000,db 200,,,,,,,,default,,,,,,,
overflow_responses,1785955462,1.000000,,,,,,,,,default,,,,,,,
data_sent,1785955462,1849.000000,,,,,,,,,default,,,,,,,
data_received,1785955462,4579.000000,,,,,,,,,default,,,,,,,
iteration_duration,1785955462,526.567609,,,,,,,,,default,,,,,,,
iterations,1785955462,1.000000,,,,,,,,,default,,,,,,,
http_reqs,1785955462,1.000000,,,1404,false,,POST,https://fluency.lat/api/benchmark/db-cycle,HTTP/2.0,default,,404,,tls1.3,https://fluency.lat/api/benchmark/db-cycle,kind=db_write,
http_req_duration,1785955462,326.809361,,,1404,false,,POST,https://fluency.lat/api/benchmark/db-cycle,HTTP/2.0,default,,404,,tls1.3,https://fluency.lat/api/benchmark/db-cycle,kind=db_write,
http_req_blocked,1785955462,0.000210,,,1404,false,,POST,https://fluency.lat/api/benchmark/db-cycle,HTTP/2.0,default,,404,,tls1.3,https://fluency.lat/api/benchmark/db-cycle,kind=db_write,
http_req_connecting,1785955462,0.000000,,,1404,false,,POST,https://fluency.lat/api/benchmark/db-cycle,HTTP/2.0,default,,404,,tls1.3,https://fluency.lat/api/benchmark/db-cycle,kind=db_write,
http_req_tls_handshaking,1785955462,0.000000,,,1404,false,,POST,https://fluency.lat/api/benchmark/db-cycle,HTTP/2.0,default,,404,,tls1.3,https://fluency.lat/api/benchmark/db-cycle,kind=db_write,
http_req_sending,1785955462,0.032350,,,1404,false,,POST,https://fluency.lat/api/benchmark/db-cycle,HTTP/2.0,default,,404,,tls1.3,https://fluency.lat/api/benchmark/db-cycle,kind=db_write,
http_req_waiting,1785955462,326.729541,,,1404,false,,POST,https://fluency.lat/api/benchmark/db-cycle,HTTP/2.0,default,,404,,tls1.3,https://fluency.lat/api/benchmark/db-cycle,kind=db_write,
http_req_receiving,1785955462,0.047470,,,1404,false,,POST,https://fluency.lat/api/benchmark/db-cycle,HTTP/2.0,default,,404,,tls1.3,https://fluency.lat/api/benchmark/db-cycle,kind=db_write,
http_req_failed,1785955462,1.000000,,,1404,false,,POST,https://fluency.lat/api/benchmark/db-cycle,HTTP/2.0,default,,404,,tls1.3,https://fluency.lat/api/benchmark/db-cycle,kind=db_write,
db_duration,1785955462,326.809361,,,,,,,,,default,,,,,,,
checks,1785955462,0.000000,db 200,,,,,,,,default,,,,,,,
overflow_responses,1785955462,1.000000,,,,,,,,,default,,,,,,,
data_sent,1785955462,90.000000,,,,,,,,,default,,,,,,,
data_received,1785955462,349.000000,,,,,,,,,default,,,,,,,
iteration_duration,1785955462,326.920031,,,,,,,,,default,,,,,,,
iterations,1785955462,1.000000,,,,,,,,,default,,,,,,,
http_reqs,1785955462,1.000000,,,1404,false,,POST,https://fluency.lat/api/benchmark/db-cycle,HTTP/2.0,default,,404,,tls1.3,https://fluency.lat/api/benchmark/db-cycle,kind=db_write,
http_req_duration,1785955462,323.640726,,,1404,false,,POST,https://fluency.lat/api/benchmark/db-cycle,HTTP/2.0,default,,404,,tls1.3,https://fluency.lat/api/benchmark/db-cycle,kind=db_write,
http_req_blocked,1785955462,0.000260,,,1404,false,,POST,https://fluency.lat/api/benchmark/db-cycle,HTTP/2.0,default,,404,,tls1.3,https://fluency.lat/api/benchmark/db-cycle,kind=db_write,
http_req_connecting,1785955462,0.000000,,,1404,false,,POST,https://fluency.lat/api/benchmark/db-cycle,HTTP/2.0,default,,404,,tls1.3,https://fluency.lat/api/benchmark/db-cycle,kind=db_write,
http_req_tls_handshaking,1785955462,0.000000,,,1404,false,,POST,https://fluency.lat/api/benchmark/db-cycle,HTTP/2.0,default,,404,,tls1.3,https://fluency.lat/api/benchmark/db-cycle,kind=db_write,
http_req_sending,1785955462,0.037590,,,1404,false,,POST,https://fluency.lat/api/benchmark/db-cycle,HTTP/2.0,default,,404,,tls1.3,https://fluency.lat/api/benchmark/db-cycle,kind=db_write,
http_req_waiting,1785955462,323.570596,,,1404,false,,POST,https://fluency.lat/api/benchmark/db-cycle,HTTP/2.0,default,,404,,tls1.3,https://fluency.lat/api/benchmark/db-cycle,kind=db_write,
http_req_receiving,1785955462,0.032540,,,1404,false,,POST,https://fluency.lat/api/benchmark/db-cycle,HTTP/2.0,default,,404,,tls1.3,https://fluency.lat/api/benchmark/db-cycle,kind=db_write,
http_req_failed,1785955462,1.000000,,,1404,false,,POST,https://fluency.lat/api/benchmark/db-cycle,HTTP/2.0,default,,404,,tls1.3,https://fluency.lat/api/benchmark/db-cycle,kind=db_write,
db_duration,1785955462,323.640726,,,,,,,,,default,,,,,,,
checks,1785955462,0.000000,db 200,,,,,,,,default,,,,,,,
overflow_responses,1785955462,1.000000,,,,,,,,,default,,,,,,,
data_sent,1785955462,90.000000,,,,,,,,,default,,,,,,,
data_received,1785955462,343.000000,,,,,,,,,default,,,,,,,
iteration_duration,1785955462,323.739896,,,,,,,,,default,,,,,,,
iterations,1785955462,1.000000,,,,,,,,,default,,,,,,,
http_reqs,1785955462,1.000000,,,1404,false,,POST,https://fluency.lat/api/benchmark/db-cycle,HTTP/2.0,default,,404,,tls1.3,https://fluency.lat/api/benchmark/db-cycle,kind=db_write,
http_req_duration,1785955462,320.603780,,,1404,false,,POST,https://fluency.lat/api/benchmark/db-cycle,HTTP/2.0,default,,404,,tls1.3,https://fluency.lat/api/benchmark/db-cycle,kind=db_write,
http_req_blocked,1785955462,0.000200,,,1404,false,,POST,https://fluency.lat/api/benchmark/db-cycle,HTTP/2.0,default,,404,,tls1.3,https://fluency.lat/api/benchmark/db-cycle,kind=db_write,
http_req_connecting,1785955462,0.000000,,,1404,false,,POST,https://fluency.lat/api/benchmark/db-cycle,HTTP/2.0,default,,404,,tls1.3,https://fluency.lat/api/benchmark/db-cycle,kind=db_write,
http_req_tls_handshaking,1785955462,0.000000,,,1404,false,,POST,https://fluency.lat/api/benchmark/db-cycle,HTTP/2.0,default,,404,,tls1.3,https://fluency.lat/api/benchmark/db-cycle,kind=db_write,
http_req_sending,1785955462,0.030090,,,1404,false,,POST,https://fluency.lat/api/benchmark/db-cycle,HTTP/2.0,default,,404,,tls1.3,https://fluency.lat/api/benchmark/db-cycle,kind=db_write,
http_req_waiting,1785955462,320.538870,,,1404,false,,POST,https://fluency.lat/api/benchmark/db-cycle,HTTP/2.0,default,,404,,tls1.3,https://fluency.lat/api/benchmark/db-cycle,kind=db_write,
http_req_receiving,1785955462,0.034820,,,1404,false,,POST,https://fluency.lat/api/benchmark/db-cycle,HTTP/2.0,default,,404,,tls1.3,https://fluency.lat/api/benchmark/db-cycle,kind=db_write,
http_req_failed,1785955462,1.000000,,,1404,false,,POST,https://fluency.lat/api/benchmark/db-cycle,HTTP/2.0,default,,404,,tls1.3,https://fluency.lat/api/benchmark/db-cycle,kind=db_write,
db_duration,1785955462,320.603780,,,,,,,,,default,,,,,,,
checks,1785955462,0.000000,db 200,,,,,,,,default,,,,,,,
overflow_responses,1785955462,1.000000,,,,,,,,,default,,,,,,,
data_sent,1785955462,90.000000,,,,,,,,,default,,,,,,,
data_received,1785955462,347.000000,,,,,,,,,default,,,,,,,
iteration_duration,1785955462,320.703420,,,,,,,,,default,,,,,,,
iterations,1785955462,1.000000,,,,,,,,,default,,,,,,,
http_reqs,1785955462,1.000000,,,1404,false,,POST,https://fluency.lat/api/benchmark/db-cycle,HTTP/2.0,default,,404,,tls1.3,https://fluency.lat/api/benchmark/db-cycle,kind=db_write,
http_req_duration,1785955462,323.641536,,,1404,false,,POST,https://fluency.lat/api/benchmark/db-cycle,HTTP/2.0,default,,404,,tls1.3,https://fluency.lat/api/benchmark/db-cycle,kind=db_write,
http_req_blocked,1785955462,0.000210,,,1404,false,,POST,https://fluency.lat/api/benchmark/db-cycle,HTTP/2.0,default,,404,,tls1.3,https://fluency.lat/api/benchmark/db-cycle,kind=db_write,
http_req_connecting,1785955462,0.000000,,,1404,false,,POST,https://fluency.lat/api/benchmark/db-cycle,HTTP/2.0,default,,404,,tls1.3,https://fluency.lat/api/benchmark/db-cycle,kind=db_write,
http_req_tls_handshaking,1785955462,0.000000,,,1404,false,,POST,https://fluency.lat/api/benchmark/db-cycle,HTTP/2.0,default,,404,,tls1.3,https://fluency.lat/api/benchmark/db-cycle,kind=db_write,
http_req_sending,1785955462,0.030480,,,1404,false,,POST,https://fluency.lat/api/benchmark/db-cycle,HTTP/2.0,default,,404,,tls1.3,https://fluency.lat/api/benchmark/db-cycle,kind=db_write,
http_req_waiting,1785955462,323.570006,,,1404,false,,POST,https://fluency.lat/api/benchmark/db-cycle,HTTP/2.0,default,,404,,tls1.3,https://fluency.lat/api/benchmark/db-cycle,kind=db_write,
http_req_receiving,1785955462,0.041050,,,1404,false,,POST,https://fluency.lat/api/benchmark/db-cycle,HTTP/2.0,default,,404,,tls1.3,https://fluency.lat/api/benchmark/db-cycle,kind=db_write,
http_req_failed,1785955462,1.000000,,,1404,false,,POST,https://fluency.lat/api/benchmark/db-cycle,HTTP/2.0,default,,404,,tls1.3,https://fluency.lat/api/benchmark/db-cycle,kind=db_write,
db_duration,1785955462,323.641536,,,,,,,,,default,,,,,,,
checks,1785955462,0.000000,db 200,,,,,,,,default,,,,,,,
overflow_responses,1785955462,1.000000,,,,,,,,,default,,,,,,,
data_sent,1785955462,90.000000,,,,,,,,,default,,,,,,,
data_received,1785955462,342.000000,,,,,,,,,default,,,,,,,
iteration_duration,1785955462,323.751696,,,,,,,,,default,,,,,,,
iterations,1785955462,1.000000,,,,,,,,,default,,,,,,,
http_reqs,1785955462,1.000000,,,1404,false,,POST,https://fluency.lat/api/benchmark/db-cycle,HTTP/2.0,default,,404,,tls1.3,https://fluency.lat/api/benchmark/db-cycle,kind=db_write,
http_req_duration,1785955462,324.060565,,,1404,false,,POST,https://fluency.lat/api/benchmark/db-cycle,HTTP/2.0,default,,404,,tls1.3,https://fluency.lat/api/benchmark/db-cycle,kind=db_write,
http_req_blocked,1785955462,0.000380,,,1404,false,,POST,https://fluency.lat/api/benchmark/db-cycle,HTTP/2.0,default,,404,,tls1.3,https://fluency.lat/api/benchmark/db-cycle,kind=db_write,
http_req_connecting,1785955462,0.000000,,,1404,false,,POST,https://fluency.lat/api/benchmark/db-cycle,HTTP/2.0,default,,404,,tls1.3,https://fluency.lat/api/benchmark/db-cycle,kind=db_write,
http_req_tls_handshaking,1785955462,0.000000,,,1404,false,,POST,https://fluency.lat/api/benchmark/db-cycle,HTTP/2.0,default,,404,,tls1.3,https://fluency.lat/api/benchmark/db-cycle,kind=db_write,
http_req_sending,1785955462,0.043320,,,1404,false,,POST,https://fluency.lat/api/benchmark/db-cycle,HTTP/2.0,default,,404,,tls1.3,https://fluency.lat/api/benchmark/db-cycle,kind=db_write,
http_req_waiting,1785955462,323.976115,,,1404,false,,POST,https://fluency.lat/api/benchmark/db-cycle,HTTP/2.0,default,,404,,tls1.3,https://fluency.lat/api/benchmark/db-cycle,kind=db_write,
http_req_receiving,1785955462,0.041130,,,1404,false,,POST,https://fluency.lat/api/benchmark/db-cycle,HTTP/2.0,default,,404,,tls1.3,https://fluency.lat/api/benchmark/db-cycle,kind=db_write,
http_req_failed,1785955462,1.000000,,,1404,false,,POST,https://fluency.lat/api/benchmark/db-cycle,HTTP/2.0,default,,404,,tls1.3,https://fluency.lat/api/benchmark/db-cycle,kind=db_write,
db_duration,1785955462,324.060565,,,,,,,,,default,,,,,,,
checks,1785955462,0.000000,db 200,,,,,,,,default,,,,,,,
overflow_responses,1785955462,1.000000,,,,,,,,,default,,,,,,,
data_sent,1785955462,90.000000,,,,,,,,,default,,,,,,,
data_received,1785955462,331.000000,,,,,,,,,default,,,,,,,
iteration_duration,1785955462,324.182715,,,,,,,,,default,,,,,,,
iterations,1785955462,1.000000,,,,,,,,,default,,,,,,,
http_reqs,1785955462,1.000000,,,1404,false,,POST,https://fluency.lat/api/benchmark/db-cycle,HTTP/2.0,default,,404,,tls1.3,https://fluency.lat/api/benchmark/db-cycle,kind=db_write,
http_req_duration,1785955462,322.392207,,,1404,false,,POST,https://fluency.lat/api/benchmark/db-cycle,HTTP/2.0,default,,404,,tls1.3,https://fluency.lat/api/benchmark/db-cycle,kind=db_write,
http_req_blocked,1785955462,0.000190,,,1404,false,,POST,https://fluency.lat/api/benchmark/db-cycle,HTTP/2.0,default,,404,,tls1.3,https://fluency.lat/api/benchmark/db-cycle,kind=db_write,
http_req_connecting,1785955462,0.000000,,,1404,false,,POST,https://fluency.lat/api/benchmark/db-cycle,HTTP/2.0,default,,404,,tls1.3,https://fluency.lat/api/benchmark/db-cycle,kind=db_write,
http_req_tls_handshaking,1785955462,0.000000,,,1404,false,,POST,https://fluency.lat/api/benchmark/db-cycle,HTTP/2.0,default,,404,,tls1.3,https://fluency.lat/api/benchmark/db-cycle,kind=db_write,
http_req_sending,1785955462,0.053780,,,1404,false,,POST,https://fluency.lat/api/benchmark/db-cycle,HTTP/2.0,default,,404,,tls1.3,https://fluency.lat/api/benchmark/db-cycle,kind=db_write,
http_req_waiting,1785955462,322.294577,,,1404,false,,POST,https://fluency.lat/api/benchmark/db-cycle,HTTP/2.0,default,,404,,tls1.3,https://fluency.lat/api/benchmark/db-cycle,kind=db_write,
http_req_receiving,1785955462,0.043850,,,1404,false,,POST,https://fluency.lat/api/benchmark/db-cycle,HTTP/2.0,default,,404,,tls1.3,https://fluency.lat/api/benchmark/db-cycle,kind=db_write,
http_req_failed,1785955462,1.000000,,,1404,false,,POST,https://fluency.lat/api/benchmark/db-cycle,HTTP/2.0,default,,404,,tls1.3,https://fluency.lat/api/benchmark/db-cycle,kind=db_write,
db_duration,1785955462,322.392207,,,,,,,,,default,,,,,,,
checks,1785955462,0.000000,db 200,,,,,,,,default,,,,,,,
overflow_responses,1785955462,1.000000,,,,,,,,,default,,,,,,,
data_sent,1785955462,90.000000,,,,,,,,,default,,,,,,,
data_received,1785955462,321.000000,,,,,,,,,default,,,,,,,
iteration_duration,1785955462,322.515757,,,,,,,,,default,,,,,,,
iterations,1785955462,1.000000,,,,,,,,,default,,,,,,,
http_reqs,1785955462,1.000000,,,1404,false,,POST,https://fluency.lat/api/benchmark/db-cycle,HTTP/2.0,default,,404,,tls1.3,https://fluency.lat/api/benchmark/db-cycle,kind=db_write,
http_req_duration,1785955462,326.022372,,,1404,false,,POST,https://fluency.lat/api/benchmark/db-cycle,HTTP/2.0,default,,404,,tls1.3,https://fluency.lat/api/benchmark/db-cycle,kind=db_write,
http_req_blocked,1785955462,0.000260,,,1404,false,,POST,https://fluency.lat/api/benchmark/db-cycle,HTTP/2.0,default,,404,,tls1.3,https://fluency.lat/api/benchmark/db-cycle,kind=db_write,
http_req_connecting,1785955462,0.000000,,,1404,false,,POST,https://fluency.lat/api/benchmark/db-cycle,HTTP/2.0,default,,404,,tls1.3,https://fluency.lat/api/benchmark/db-cycle,kind=db_write,
http_req_tls_handshaking,1785955462,0.000000,,,1404,false,,POST,https://fluency.lat/api/benchmark/db-cycle,HTTP/2.0,default,,404,,tls1.3,https://fluency.lat/api/benchmark/db-cycle,kind=db_write,
http_req_sending,1785955462,0.069930,,,1404,false,,POST,https://fluency.lat/api/benchmark/db-cycle,HTTP/2.0,default,,404,,tls1.3,https://fluency.lat/api/benchmark/db-cycle,kind=db_write,
http_req_waiting,1785955462,325.921062,,,1404,false,,POST,https://fluency.lat/api/benchmark/db-cycle,HTTP/2.0,default,,404,,tls1.3,https://fluency.lat/api/benchmark/db-cycle,kind=db_write,
http_req_receiving,1785955462,0.031380,,,1404,false,,POST,https://fluency.lat/api/benchmark/db-cycle,HTTP/2.0,default,,404,,tls1.3,https://fluency.lat/api/benchmark/db-cycle,kind=db_write,
http_req_failed,1785955462,1.000000,,,1404,false,,POST,https://fluency.lat/api/benchmark/db-cycle,HTTP/2.0,default,,404,,tls1.3,https://fluency.lat/api/benchmark/db-cycle,kind=db_write,
db_duration,1785955462,326.022372,,,,,,,,,default,,,,,,,
checks,1785955462,0.000000,db 200,,,,,,,,default,,,,,,,
overflow_responses,1785955462,1.000000,,,,,,,,,default,,,,,,,
data_sent,1785955462,90.000000,,,,,,,,,default,,,,,,,
data_received,1785955462,348.000000,,,,,,,,,default,,,,,,,
iteration_duration,1785955462,326.118542,,,,,,,,,default,,,,,,,
iterations,1785955462,1.000000,,,,,,,,,default,,,,,,,
http_reqs,1785955462,1.000000,,,1404,false,,POST,https://fluency.lat/api/benchmark/db-cycle,HTTP/2.0,default,,404,,tls1.3,https://fluency.lat/api/benchmark/db-cycle,kind=db_write,
http_req_duration,1785955462,318.487322,,,1404,false,,POST,https://fluency.lat/api/benchmark/db-cycle,HTTP/2.0,default,,404,,tls1.3,https://fluency.lat/api/benchmark/db-cycle,kind=db_write,
http_req_blocked,1785955462,0.000210,,,1404,false,,POST,https://fluency.lat/api/benchmark/db-cycle,HTTP/2.0,default,,404,,tls1.3,https://fluency.lat/api/benchmark/db-cycle,kind=db_write,
http_req_connecting,1785955462,0.000000,,,1404,false,,POST,https://fluency.lat/api/benchmark/db-cycle,HTTP/2.0,default,,404,,tls1.3,https://fluency.lat/api/benchmark/db-cycle,kind=db_write,
http_req_tls_handshaking,1785955462,0.000000,,,1404,false,,POST,https://fluency.lat/api/benchmark/db-cycle,HTTP/2.0,default,,404,,tls1.3,https://fluency.lat/api/benchmark/db-cycle,kind=db_write,
http_req_sending,1785955462,0.044890,,,1404,false,,POST,https://fluency.lat/api/benchmark/db-cycle,HTTP/2.0,default,,404,,tls1.3,https://fluency.lat/api/benchmark/db-cycle,kind=db_write,
http_req_waiting,1785955462,318.262153,,,1404,false,,POST,https://fluency.lat/api/benchmark/db-cycle,HTTP/2.0,default,,404,,tls1.3,https://fluency.lat/api/benchmark/db-cycle,kind=db_write,
http_req_receiving,1785955462,0.180279,,,1404,false,,POST,https://fluency.lat/api/benchmark/db-cycle,HTTP/2.0,default,,404,,tls1.3,https://fluency.lat/api/benchmark/db-cycle,kind=db_write,
http_req_failed,1785955462,1.000000,,,1404,false,,POST,https://fluency.lat/api/benchmark/db-cycle,HTTP/2.0,default,,404,,tls1.3,https://fluency.lat/api/benchmark/db-cycle,kind=db_write,
db_duration,1785955462,318.487322,,,,,,,,,default,,,,,,,
checks,1785955462,0.000000,db 200,,,,,,,,default,,,,,,,
overflow_responses,1785955462,1.000000,,,,,,,,,default,,,,,,,
data_sent,1785955462,90.000000,,,,,,,,,default,,,,,,,
data_received,1785955462,319.000000,,,,,,,,,default,,,,,,,
iteration_duration,1785955462,318.570512,,,,,,,,,default,,,,,,,
iterations,1785955462,1.000000,,,,,,,,,default,,,,,,,
vus,1785955462,5.000000,,,,,,,,,,,,,,,,
vus_max,1785955462,50.000000,,,,,,,,,,,,,,,,
http_reqs,1785955463,1.000000,,,1404,false,,POST,https://fluency.lat/api/benchmark/db-cycle,HTTP/2.0,default,,404,,tls1.3,https://fluency.lat/api/benchmark/db-cycle,kind=db_write,
http_req_duration,1785955463,321.985488,,,1404,false,,POST,https://fluency.lat/api/benchmark/db-cycle,HTTP/2.0,default,,404,,tls1.3,https://fluency.lat/api/benchmark/db-cycle,kind=db_write,
http_req_blocked,1785955463,0.000310,,,1404,false,,POST,https://fluency.lat/api/benchmark/db-cycle,HTTP/2.0,default,,404,,tls1.3,https://fluency.lat/api/benchmark/db-cycle,kind=db_write,
http_req_connecting,1785955463,0.000000,,,1404,false,,POST,https://fluency.lat/api/benchmark/db-cycle,HTTP/2.0,default,,404,,tls1.3,https://fluency.lat/api/benchmark/db-cycle,kind=db_write,
http_req_tls_handshaking,1785955463,0.000000,,,1404,false,,POST,https://fluency.lat/api/benchmark/db-cycle,HTTP/2.0,default,,404,,tls1.3,https://fluency.lat/api/benchmark/db-cycle,kind=db_write,
http_req_sending,1785955463,0.051300,,,1404,false,,POST,https://fluency.lat/api/benchmark/db-cycle,HTTP/2.0,default,,404,,tls1.3,https://fluency.lat/api/benchmark/db-cycle,kind=db_write,
http_req_waiting,1785955463,321.894548,,,1404,false,,POST,https://fluency.lat/api/benchmark/db-cycle,HTTP/2.0,default,,404,,tls1.3,https://fluency.lat/api/benchmark/db-cycle,kind=db_write,
http_req_receiving,1785955463,0.039640,,,1404,false,,POST,https://fluency.lat/api/benchmark/db-cycle,HTTP/2.0,default,,404,,tls1.3,https://fluency.lat/api/benchmark/db-cycle,kind=db_write,
http_req_failed,1785955463,1.000000,,,1404,false,,POST,https://fluency.lat/api/benchmark/db-cycle,HTTP/2.0,default,,404,,tls1.3,https://fluency.lat/api/benchmark/db-cycle,kind=db_write,
db_duration,1785955463,321.985488,,,,,,,,,default,,,,,,,
checks,1785955463,0.000000,db 200,,,,,,,,default,,,,,,,
overflow_responses,1785955463,1.000000,,,,,,,,,default,,,,,,,
data_sent,1785955463,90.000000,,,,,,,,,default,,,,,,,
data_received,1785955463,320.000000,,,,,,,,,default,,,,,,,
iteration_duration,1785955463,322.102078,,,,,,,,,default,,,,,,,
iterations,1785955463,1.000000,,,,,,,,,default,,,,,,,
http_reqs,1785955463,1.000000,,,1404,false,,POST,https://fluency.lat/api/benchmark/db-cycle,HTTP/2.0,default,,404,,tls1.3,https://fluency.lat/api/benchmark/db-cycle,kind=db_write,
http_req_duration,1785955463,320.547160,,,1404,false,,POST,https://fluency.lat/api/benchmark/db-cycle,HTTP/2.0,default,,404,,tls1.3,https://fluency.lat/api/benchmark/db-cycle,kind=db_write,
http_req_blocked,1785955463,0.000220,,,1404,false,,POST,https://fluency.lat/api/benchmark/db-cycle,HTTP/2.0,default,,404,,tls1.3,https://fluency.lat/api/benchmark/db-cycle,kind=db_write,
http_req_connecting,1785955463,0.000000,,,1404,false,,POST,https://fluency.lat/api/benchmark/db-cycle,HTTP/2.0,default,,404,,tls1.3,https://fluency.lat/api/benchmark/db-cycle,kind=db_write,
http_req_tls_handshaking,1785955463,0.000000,,,1404,false,,POST,https://fluency.lat/api/benchmark/db-cycle,HTTP/2.0,default,,404,,tls1.3,https://fluency.lat/api/benchmark/db-cycle,kind=db_write,
http_req_sending,1785955463,0.061690,,,1404,false,,POST,https://fluency.lat/api/benchmark/db-cycle,HTTP/2.0,default,,404,,tls1.3,https://fluency.lat/api/benchmark/db-cycle,kind=db_write,
http_req_waiting,1785955463,320.180171,,,1404,false,,POST,https://fluency.lat/api/benchmark/db-cycle,HTTP/2.0,default,,404,,tls1.3,https://fluency.lat/api/benchmark/db-cycle,kind=db_write,
http_req_receiving,1785955463,0.305299,,,1404,false,,POST,https://fluency.lat/api/benchmark/db-cycle,HTTP/2.0,default,,404,,tls1.3,https://fluency.lat/api/benchmark/db-cycle,kind=db_write,
http_req_failed,1785955463,1.000000,,,1404,false,,POST,https://fluency.lat/api/benchmark/db-cycle,HTTP/2.0,default,,404,,tls1.3,https://fluency.lat/api/benchmark/db-cycle,kind=db_write,
db_duration,1785955463,320.547160,,,,,,,,,default,,,,,,,
checks,1785955463,0.000000,db 200,,,,,,,,default,,,,,,,
overflow_responses,1785955463,1.000000,,,,,,,,,default,,,,,,,
data_sent,1785955463,90.000000,,,,,,,,,default,,,,,,,
data_received,1785955463,365.000000,,,,,,,,,default,,,,,,,
iteration_duration,1785955463,320.652120,,,,,,,,,default,,,,,,,
iterations,1785955463,1.000000,,,,,,,,,default,,,,,,,
http_reqs,1785955463,1.000000,,,1404,false,,POST,https://fluency.lat/api/benchmark/db-cycle,HTTP/2.0,default,,404,,tls1.3,https://fluency.lat/api/benchmark/db-cycle,kind=db_write,
http_req_duration,1785955463,325.305945,,,1404,false,,POST,https://fluency.lat/api/benchmark/db-cycle,HTTP/2.0,default,,404,,tls1.3,https://fluency.lat/api/benchmark/db-cycle,kind=db_write,
http_req_blocked,1785955463,0.000220,,,1404,false,,POST,https://fluency.lat/api/benchmark/db-cycle,HTTP/2.0,default,,404,,tls1.3,https://fluency.lat/api/benchmark/db-cycle,kind=db_write,
http_req_connecting,1785955463,0.000000,,,1404,false,,POST,https://fluency.lat/api/benchmark/db-cycle,HTTP/2.0,default,,404,,tls1.3,https://fluency.lat/api/benchmark/db-cycle,kind=db_write,
http_req_tls_handshaking,1785955463,0.000000,,,1404,false,,POST,https://fluency.lat/api/benchmark/db-cycle,HTTP/2.0,default,,404,,tls1.3,https://fluency.lat/api/benchmark/db-cycle,kind=db_write,
http_req_sending,1785955463,0.089010,,,1404,false,,POST,https://fluency.lat/api/benchmark/db-cycle,HTTP/2.0,default,,404,,tls1.3,https://fluency.lat/api/benchmark/db-cycle,kind=db_write,
http_req_waiting,1785955463,325.191085,,,1404,false,,POST,https://fluency.lat/api/benchmark/db-cycle,HTTP/2.0,default,,404,,tls1.3,https://fluency.lat/api/benchmark/db-cycle,kind=db_write,
http_req_receiving,1785955463,0.025850,,,1404,false,,POST,https://fluency.lat/api/benchmark/db-cycle,HTTP/2.0,default,,404,,tls1.3,https://fluency.lat/api/benchmark/db-cycle,kind=db_write,
http_req_failed,1785955463,1.000000,,,1404,false,,POST,https://fluency.lat/api/benchmark/db-cycle,HTTP/2.0,default,,404,,tls1.3,https://fluency.lat/api/benchmark/db-cycle,kind=db_write,
db_duration,1785955463,325.305945,,,,,,,,,default,,,,,,,
checks,1785955463,0.000000,db 200,,,,,,,,default,,,,,,,
overflow_responses,1785955463,1.000000,,,,,,,,,default,,,,,,,
data_sent,1785955463,90.000000,,,,,,,,,default,,,,,,,
data_received,1785955463,346.000000,,,,,,,,,default,,,,,,,
iteration_duration,1785955463,325.405175,,,,,,,,,default,,,,,,,
iterations,1785955463,1.000000,,,,,,,,,default,,,,,,,
http_reqs,1785955463,1.000000,,,1404,false,,POST,https://fluency.lat/api/benchmark/db-cycle,HTTP/2.0,default,,404,,tls1.3,https://fluency.lat/api/benchmark/db-cycle,kind=db_write,
http_req_duration,1785955463,325.070825,,,1404,false,,POST,https://fluency.lat/api/benchmark/db-cycle,HTTP/2.0,default,,404,,tls1.3,https://fluency.lat/api/benchmark/db-cycle,kind=db_write,
http_req_blocked,1785955463,0.000250,,,1404,false,,POST,https://fluency.lat/api/benchmark/db-cycle,HTTP/2.0,default,,404,,tls1.3,https://fluency.lat/api/benchmark/db-cycle,kind=db_write,
http_req_connecting,1785955463,0.000000,,,1404,false,,POST,https://fluency.lat/api/benchmark/db-cycle,HTTP/2.0,default,,404,,tls1.3,https://fluency.lat/api/benchmark/db-cycle,kind=db_write,
http_req_tls_handshaking,1785955463,0.000000,,,1404,false,,POST,https://fluency.lat/api/benchmark/db-cycle,HTTP/2.0,default,,404,,tls1.3,https://fluency.lat/api/benchmark/db-cycle,kind=db_write,
http_req_sending,1785955463,0.053409,,,1404,false,,POST,https://fluency.lat/api/benchmark/db-cycle,HTTP/2.0,default,,404,,tls1.3,https://fluency.lat/api/benchmark/db-cycle,kind=db_write,
http_req_waiting,1785955463,324.996806,,,1404,false,,POST,https://fluency.lat/api/benchmark/db-cycle,HTTP/2.0,default,,404,,tls1.3,https://fluency.lat/api/benchmark/db-cycle,kind=db_write,
http_req_receiving,1785955463,0.020610,,,1404,false,,POST,https://fluency.lat/api/benchmark/db-cycle,HTTP/2.0,default,,404,,tls1.3,https://fluency.lat/api/benchmark/db-cycle,kind=db_write,
http_req_failed,1785955463,1.000000,,,1404,false,,POST,https://fluency.lat/api/benchmark/db-cycle,HTTP/2.0,default,,404,,tls1.3,https://fluency.lat/api/benchmark/db-cycle,kind=db_write,
db_duration,1785955463,325.070825,,,,,,,,,default,,,,,,,
checks,1785955463,0.000000,db 200,,,,,,,,default,,,,,,,
overflow_responses,1785955463,1.000000,,,,,,,,,default,,,,,,,
data_sent,1785955463,90.000000,,,,,,,,,default,,,,,,,
data_received,1785955463,373.000000,,,,,,,,,default,,,,,,,
iteration_duration,1785955463,325.144255,,,,,,,,,default,,,,,,,
iterations,1785955463,1.000000,,,,,,,,,default,,,,,,,
http_reqs,1785955463,1.000000,,,1404,false,,POST,https://fluency.lat/api/benchmark/db-cycle,HTTP/2.0,default,,404,,tls1.3,https://fluency.lat/api/benchmark/db-cycle,kind=db_write,
http_req_duration,1785955463,324.105607,,,1404,false,,POST,https://fluency.lat/api/benchmark/db-cycle,HTTP/2.0,default,,404,,tls1.3,https://fluency.lat/api/benchmark/db-cycle,kind=db_write,
http_req_blocked,1785955463,0.000270,,,1404,false,,POST,https://fluency.lat/api/benchmark/db-cycle,HTTP/2.0,default,,404,,tls1.3,https://fluency.lat/api/benchmark/db-cycle,kind=db_write,
http_req_connecting,1785955463,0.000000,,,1404,false,,POST,https://fluency.lat/api/benchmark/db-cycle,HTTP/2.0,default,,404,,tls1.3,https://fluency.lat/api/benchmark/db-cycle,kind=db_write,
http_req_tls_handshaking,1785955463,0.000000,,,1404,false,,POST,https://fluency.lat/api/benchmark/db-cycle,HTTP/2.0,default,,404,,tls1.3,https://fluency.lat/api/benchmark/db-cycle,kind=db_write,
http_req_sending,1785955463,0.037940,,,1404,false,,POST,https://fluency.lat/api/benchmark/db-cycle,HTTP/2.0,default,,404,,tls1.3,https://fluency.lat/api/benchmark/db-cycle,kind=db_write,
http_req_waiting,1785955463,324.044607,,,1404,false,,POST,https://fluency.lat/api/benchmark/db-cycle,HTTP/2.0,default,,404,,tls1.3,https://fluency.lat/api/benchmark/db-cycle,kind=db_write,
http_req_receiving,1785955463,0.023060,,,1404,false,,POST,https://fluency.lat/api/benchmark/db-cycle,HTTP/2.0,default,,404,,tls1.3,https://fluency.lat/api/benchmark/db-cycle,kind=db_write,
http_req_failed,1785955463,1.000000,,,1404,false,,POST,https://fluency.lat/api/benchmark/db-cycle,HTTP/2.0,default,,404,,tls1.3,https://fluency.lat/api/benchmark/db-cycle,kind=db_write,
db_duration,1785955463,324.105607,,,,,,,,,default,,,,,,,
checks,1785955463,0.000000,db 200,,,,,,,,default,,,,,,,
overflow_responses,1785955463,1.000000,,,,,,,,,default,,,,,,,
data_sent,1785955463,90.000000,,,,,,,,,default,,,,,,,
data_received,1785955463,365.000000,,,,,,,,,default,,,,,,,
iteration_duration,1785955463,324.173307,,,,,,,,,default,,,,,,,
iterations,1785955463,1.000000,,,,,,,,,default,,,,,,,
http_reqs,1785955463,1.000000,,,1404,false,,POST,https://fluency.lat/api/benchmark/db-cycle,HTTP/2.0,default,,404,,tls1.3,https://fluency.lat/api/benchmark/db-cycle,kind=db_write,
http_req_duration,1785955463,321.856520,,,1404,false,,POST,https://fluency.lat/api/benchmark/db-cycle,HTTP/2.0,default,,404,,tls1.3,https://fluency.lat/api/benchmark/db-cycle,kind=db_write,
http_req_blocked,1785955463,0.000270,,,1404,false,,POST,https://fluency.lat/api/benchmark/db-cycle,HTTP/2.0,default,,404,,tls1.3,https://fluency.lat/api/benchmark/db-cycle,kind=db_write,
http_req_connecting,1785955463,0.000000,,,1404,false,,POST,https://fluency.lat/api/benchmark/db-cycle,HTTP/2.0,default,,404,,tls1.3,https://fluency.lat/api/benchmark/db-cycle,kind=db_write,
http_req_tls_handshaking,1785955463,0.000000,,,1404,false,,POST,https://fluency.lat/api/benchmark/db-cycle,HTTP/2.0,default,,404,,tls1.3,https://fluency.lat/api/benchmark/db-cycle,kind=db_write,
http_req_sending,1785955463,0.049230,,,1404,false,,POST,https://fluency.lat/api/benchmark/db-cycle,HTTP/2.0,default,,404,,tls1.3,https://fluency.lat/api/benchmark/db-cycle,kind=db_write,
http_req_waiting,1785955463,321.782830,,,1404,false,,POST,https://fluency.lat/api/benchmark/db-cycle,HTTP/2.0,default,,404,,tls1.3,https://fluency.lat/api/benchmark/db-cycle,kind=db_write,
http_req_receiving,1785955463,0.024460,,,1404,false,,POST,https://fluency.lat/api/benchmark/db-cycle,HTTP/2.0,default,,404,,tls1.3,https://fluency.lat/api/benchmark/db-cycle,kind=db_write,
http_req_failed,1785955463,1.000000,,,1404,false,,POST,https://fluency.lat/api/benchmark/db-cycle,HTTP/2.0,default,,404,,tls1.3,https://fluency.lat/api/benchmark/db-cycle,kind=db_write,
db_duration,1785955463,321.856520,,,,,,,,,default,,,,,,,
checks,1785955463,0.000000,db 200,,,,,,,,default,,,,,,,
overflow_responses,1785955463,1.000000,,,,,,,,,default,,,,,,,
data_sent,1785955463,90.000000,,,,,,,,,default,,,,,,,
data_received,1785955463,371.000000,,,,,,,,,default,,,,,,,
iteration_duration,1785955463,321.953060,,,,,,,,,default,,,,,,,
iterations,1785955463,1.000000,,,,,,,,,default,,,,,,,
http_reqs,1785955463,1.000000,,,1404,false,,POST,https://fluency.lat/api/benchmark/db-cycle,HTTP/2.0,default,,404,,tls1.3,https://fluency.lat/api/benchmark/db-cycle,kind=db_write,
http_req_duration,1785955463,321.625782,,,1404,false,,POST,https://fluency.lat/api/benchmark/db-cycle,HTTP/2.0,default,,404,,tls1.3,https://fluency.lat/api/benchmark/db-cycle,kind=db_write,
http_req_blocked,1785955463,0.000290,,,1404,false,,POST,https://fluency.lat/api/benchmark/db-cycle,HTTP/2.0,default,,404,,tls1.3,https://fluency.lat/api/benchmark/db-cycle,kind=db_write,
http_req_connecting,1785955463,0.000000,,,1404,false,,POST,https://fluency.lat/api/benchmark/db-cycle,HTTP/2.0,default,,404,,tls1.3,https://fluency.lat/api/benchmark/db-cycle,kind=db_write,
http_req_tls_handshaking,1785955463,0.000000,,,1404,false,,POST,https://fluency.lat/api/benchmark/db-cycle,HTTP/2.0,default,,404,,tls1.3,https://fluency.lat/api/benchmark/db-cycle,kind=db_write,
http_req_sending,1785955463,0.048870,,,1404,false,,POST,https://fluency.lat/api/benchmark/db-cycle,HTTP/2.0,default,,404,,tls1.3,https://fluency.lat/api/benchmark/db-cycle,kind=db_write,
http_req_waiting,1785955463,321.542482,,,1404,false,,POST,https://fluency.lat/api/benchmark/db-cycle,HTTP/2.0,default,,404,,tls1.3,https://fluency.lat/api/benchmark/db-cycle,kind=db_write,
http_req_receiving,1785955463,0.034430,,,1404,false,,POST,https://fluency.lat/api/benchmark/db-cycle,HTTP/2.0,default,,404,,tls1.3,https://fluency.lat/api/benchmark/db-cycle,kind=db_write,
http_req_failed,1785955463,1.000000,,,1404,false,,POST,https://fluency.lat/api/benchmark/db-cycle,HTTP/2.0,default,,404,,tls1.3,https://fluency.lat/api/benchmark/db-cycle,kind=db_write,
db_duration,1785955463,321.625782,,,,,,,,,default,,,,,,,
checks,1785955463,0.000000,db 200,,,,,,,,default,,,,,,,
overflow_responses,1785955463,1.000000,,,,,,,,,default,,,,,,,
data_sent,1785955463,90.000000,,,,,,,,,default,,,,,,,
data_received,1785955463,345.000000,,,,,,,,,default,,,,,,,
iteration_duration,1785955463,321.731931,,,,,,,,,default,,,,,,,
iterations,1785955463,1.000000,,,,,,,,,default,,,,,,,
http_reqs,1785955463,1.000000,,,1404,false,,POST,https://fluency.lat/api/benchmark/db-cycle,HTTP/2.0,default,,404,,tls1.3,https://fluency.lat/api/benchmark/db-cycle,kind=db_write,
http_req_duration,1785955463,326.730753,,,1404,false,,POST,https://fluency.lat/api/benchmark/db-cycle,HTTP/2.0,default,,404,,tls1.3,https://fluency.lat/api/benchmark/db-cycle,kind=db_write,
http_req_blocked,1785955463,0.000230,,,1404,false,,POST,https://fluency.lat/api/benchmark/db-cycle,HTTP/2.0,default,,404,,tls1.3,https://fluency.lat/api/benchmark/db-cycle,kind=db_write,
http_req_connecting,1785955463,0.000000,,,1404,false,,POST,https://fluency.lat/api/benchmark/db-cycle,HTTP/2.0,default,,404,,tls1.3,https://fluency.lat/api/benchmark/db-cycle,kind=db_write,
http_req_tls_handshaking,1785955463,0.000000,,,1404,false,,POST,https://fluency.lat/api/benchmark/db-cycle,HTTP/2.0,default,,404,,tls1.3,https://fluency.lat/api/benchmark/db-cycle,kind=db_write,
http_req_sending,1785955463,0.058690,,,1404,false,,POST,https://fluency.lat/api/benchmark/db-cycle,HTTP/2.0,default,,404,,tls1.3,https://fluency.lat/api/benchmark/db-cycle,kind=db_write,
http_req_waiting,1785955463,326.641523,,,1404,false,,POST,https://fluency.lat/api/benchmark/db-cycle,HTTP/2.0,default,,404,,tls1.3,https://fluency.lat/api/benchmark/db-cycle,kind=db_write,
http_req_receiving,1785955463,0.030540,,,1404,false,,POST,https://fluency.lat/api/benchmark/db-cycle,HTTP/2.0,default,,404,,tls1.3,https://fluency.lat/api/benchmark/db-cycle,kind=db_write,
http_req_failed,1785955463,1.000000,,,1404,false,,POST,https://fluency.lat/api/benchmark/db-cycle,HTTP/2.0,default,,404,,tls1.3,https://fluency.lat/api/benchmark/db-cycle,kind=db_write,
db_duration,1785955463,326.730753,,,,,,,,,default,,,,,,,
checks,1785955463,0.000000,db 200,,,,,,,,default,,,,,,,
overflow_responses,1785955463,1.000000,,,,,,,,,default,,,,,,,
data_sent,1785955463,90.000000,,,,,,,,,default,,,,,,,
data_received,1785955463,342.000000,,,,,,,,,default,,,,,,,
iteration_duration,1785955463,326.824663,,,,,,,,,default,,,,,,,
iterations,1785955463,1.000000,,,,,,,,,default,,,,,,,
http_reqs,1785955463,1.000000,,,1404,false,,POST,https://fluency.lat/api/benchmark/db-cycle,HTTP/2.0,default,,404,,tls1.3,https://fluency.lat/api/benchmark/db-cycle,kind=db_write,
http_req_duration,1785955463,328.270651,,,1404,false,,POST,https://fluency.lat/api/benchmark/db-cycle,HTTP/2.0,default,,404,,tls1.3,https://fluency.lat/api/benchmark/db-cycle,kind=db_write,
http_req_blocked,1785955463,0.000230,,,1404,false,,POST,https://fluency.lat/api/benchmark/db-cycle,HTTP/2.0,default,,404,,tls1.3,https://fluency.lat/api/benchmark/db-cycle,kind=db_write,
http_req_connecting,1785955463,0.000000,,,1404,false,,POST,https://fluency.lat/api/benchmark/db-cycle,HTTP/2.0,default,,404,,tls1.3,https://fluency.lat/api/benchmark/db-cycle,kind=db_write,
http_req_tls_handshaking,1785955463,0.000000,,,1404,false,,POST,https://fluency.lat/api/benchmark/db-cycle,HTTP/2.0,default,,404,,tls1.3,https://fluency.lat/api/benchmark/db-cycle,kind=db_write,
http_req_sending,1785955463,0.045690,,,1404,false,,POST,https://fluency.lat/api/benchmark/db-cycle,HTTP/2.0,default,,404,,tls1.3,https://fluency.lat/api/benchmark/db-cycle,kind=db_write,
http_req_waiting,1785955463,328.203001,,,1404,false,,POST,https://fluency.lat/api/benchmark/db-cycle,HTTP/2.0,default,,404,,tls1.3,https://fluency.lat/api/benchmark/db-cycle,kind=db_write,
http_req_receiving,1785955463,0.021960,,,1404,false,,POST,https://fluency.lat/api/benchmark/db-cycle,HTTP/2.0,default,,404,,tls1.3,https://fluency.lat/api/benchmark/db-cycle,kind=db_write,
http_req_failed,1785955463,1.000000,,,1404,false,,POST,https://fluency.lat/api/benchmark/db-cycle,HTTP/2.0,default,,404,,tls1.3,https://fluency.lat/api/benchmark/db-cycle,kind=db_write,
db_duration,1785955463,328.270651,,,,,,,,,default,,,,,,,
checks,1785955463,0.000000,db 200,,,,,,,,default,,,,,,,
overflow_responses,1785955463,1.000000,,,,,,,,,default,,,,,,,
data_sent,1785955463,90.000000,,,,,,,,,default,,,,,,,
data_received,1785955463,345.000000,,,,,,,,,default,,,,,,,
iteration_duration,1785955463,328.351391,,,,,,,,,default,,,,,,,
iterations,1785955463,1.000000,,,,,,,,,default,,,,,,,
http_reqs,1785955463,1.000000,,,1404,false,,POST,https://fluency.lat/api/benchmark/db-cycle,HTTP/2.0,default,,404,,tls1.3,https://fluency.lat/api/benchmark/db-cycle,kind=db_write,
http_req_duration,1785955463,324.237618,,,1404,false,,POST,https://fluency.lat/api/benchmark/db-cycle,HTTP/2.0,default,,404,,tls1.3,https://fluency.lat/api/benchmark/db-cycle,kind=db_write,
http_req_blocked,1785955463,0.000200,,,1404,false,,POST,https://fluency.lat/api/benchmark/db-cycle,HTTP/2.0,default,,404,,tls1.3,https://fluency.lat/api/benchmark/db-cycle,kind=db_write,
http_req_connecting,1785955463,0.000000,,,1404,false,,POST,https://fluency.lat/api/benchmark/db-cycle,HTTP/2.0,default,,404,,tls1.3,https://fluency.lat/api/benchmark/db-cycle,kind=db_write,
http_req_tls_handshaking,1785955463,0.000000,,,1404,false,,POST,https://fluency.lat/api/benchmark/db-cycle,HTTP/2.0,default,,404,,tls1.3,https://fluency.lat/api/benchmark/db-cycle,kind=db_write,
http_req_sending,1785955463,0.041250,,,1404,false,,POST,https://fluency.lat/api/benchmark/db-cycle,HTTP/2.0,default,,404,,tls1.3,https://fluency.lat/api/benchmark/db-cycle,kind=db_write,
http_req_waiting,1785955463,324.174188,,,1404,false,,POST,https://fluency.lat/api/benchmark/db-cycle,HTTP/2.0,default,,404,,tls1.3,https://fluency.lat/api/benchmark/db-cycle,kind=db_write,
http_req_receiving,1785955463,0.022180,,,1404,false,,POST,https://fluency.lat/api/benchmark/db-cycle,HTTP/2.0,default,,404,,tls1.3,https://fluency.lat/api/benchmark/db-cycle,kind=db_write,
http_req_failed,1785955463,1.000000,,,1404,false,,POST,https://fluency.lat/api/benchmark/db-cycle,HTTP/2.0,default,,404,,tls1.3,https://fluency.lat/api/benchmark/db-cycle,kind=db_write,
db_duration,1785955463,324.237618,,,,,,,,,default,,,,,,,
checks,1785955463,0.000000,db 200,,,,,,,,default,,,,,,,
overflow_responses,1785955463,1.000000,,,,,,,,,default,,,,,,,
data_sent,1785955463,90.000000,,,,,,,,,default,,,,,,,
data_received,1785955463,562.000000,,,,,,,,,default,,,,,,,
iteration_duration,1785955463,324.319468,,,,,,,,,default,,,,,,,
iterations,1785955463,1.000000,,,,,,,,,default,,,,,,,
http_reqs,1785955463,1.000000,,,1404,false,,POST,https://fluency.lat/api/benchmark/db-cycle,HTTP/2.0,default,,404,,tls1.3,https://fluency.lat/api/benchmark/db-cycle,kind=db_write,
http_req_duration,1785955463,322.994159,,,1404,false,,POST,https://fluency.lat/api/benchmark/db-cycle,HTTP/2.0,default,,404,,tls1.3,https://fluency.lat/api/benchmark/db-cycle,kind=db_write,
http_req_blocked,1785955463,0.000260,,,1404,false,,POST,https://fluency.lat/api/benchmark/db-cycle,HTTP/2.0,default,,404,,tls1.3,https://fluency.lat/api/benchmark/db-cycle,kind=db_write,
http_req_connecting,1785955463,0.000000,,,1404,false,,POST,https://fluency.lat/api/benchmark/db-cycle,HTTP/2.0,default,,404,,tls1.3,https://fluency.lat/api/benchmark/db-cycle,kind=db_write,
http_req_tls_handshaking,1785955463,0.000000,,,1404,false,,POST,https://fluency.lat/api/benchmark/db-cycle,HTTP/2.0,default,,404,,tls1.3,https://fluency.lat/api/benchmark/db-cycle,kind=db_write,
http_req_sending,1785955463,0.049410,,,1404,false,,POST,https://fluency.lat/api/benchmark/db-cycle,HTTP/2.0,default,,404,,tls1.3,https://fluency.lat/api/benchmark/db-cycle,kind=db_write,
http_req_waiting,1785955463,322.921449,,,1404,false,,POST,https://fluency.lat/api/benchmark/db-cycle,HTTP/2.0,default,,404,,tls1.3,https://fluency.lat/api/benchmark/db-cycle,kind=db_write,
http_req_receiving,1785955463,0.023300,,,1404,false,,POST,https://fluency.lat/api/benchmark/db-cycle,HTTP/2.0,default,,404,,tls1.3,https://fluency.lat/api/benchmark/db-cycle,kind=db_write,
http_req_failed,1785955463,1.000000,,,1404,false,,POST,https://fluency.lat/api/benchmark/db-cycle,HTTP/2.0,default,,404,,tls1.3,https://fluency.lat/api/benchmark/db-cycle,kind=db_write,
db_duration,1785955463,322.994159,,,,,,,,,default,,,,,,,
checks,1785955463,0.000000,db 200,,,,,,,,default,,,,,,,
overflow_responses,1785955463,1.000000,,,,,,,,,default,,,,,,,
data_sent,1785955463,90.000000,,,,,,,,,default,,,,,,,
data_received,1785955463,339.000000,,,,,,,,,default,,,,,,,
iteration_duration,1785955463,323.061339,,,,,,,,,default,,,,,,,
iterations,1785955463,1.000000,,,,,,,,,default,,,,,,,
http_reqs,1785955463,1.000000,,,1404,false,,POST,https://fluency.lat/api/benchmark/db-cycle,HTTP/2.0,default,,404,,tls1.3,https://fluency.lat/api/benchmark/db-cycle,kind=db_write,
http_req_duration,1785955463,323.744839,,,1404,false,,POST,https://fluency.lat/api/benchmark/db-cycle,HTTP/2.0,default,,404,,tls1.3,https://fluency.lat/api/benchmark/db-cycle,kind=db_write,
http_req_blocked,1785955463,0.000280,,,1404,false,,POST,https://fluency.lat/api/benchmark/db-cycle,HTTP/2.0,default,,404,,tls1.3,https://fluency.lat/api/benchmark/db-cycle,kind=db_write,
http_req_connecting,1785955463,0.000000,,,1404,false,,POST,https://fluency.lat/api/benchmark/db-cycle,HTTP/2.0,default,,404,,tls1.3,https://fluency.lat/api/benchmark/db-cycle,kind=db_write,
http_req_tls_handshaking,1785955463,0.000000,,,1404,false,,POST,https://fluency.lat/api/benchmark/db-cycle,HTTP/2.0,default,,404,,tls1.3,https://fluency.lat/api/benchmark/db-cycle,kind=db_write,
http_req_sending,1785955463,0.047810,,,1404,false,,POST,https://fluency.lat/api/benchmark/db-cycle,HTTP/2.0,default,,404,,tls1.3,https://fluency.lat/api/benchmark/db-cycle,kind=db_write,
http_req_waiting,1785955463,323.656589,,,1404,false,,POST,https://fluency.lat/api/benchmark/db-cycle,HTTP/2.0,default,,404,,tls1.3,https://fluency.lat/api/benchmark/db-cycle,kind=db_write,
http_req_receiving,1785955463,0.040440,,,1404,false,,POST,https://fluency.lat/api/benchmark/db-cycle,HTTP/2.0,default,,404,,tls1.3,https://fluency.lat/api/benchmark/db-cycle,kind=db_write,
http_req_failed,1785955463,1.000000,,,1404,false,,POST,https://fluency.lat/api/benchmark/db-cycle,HTTP/2.0,default,,404,,tls1.3,https://fluency.lat/api/benchmark/db-cycle,kind=db_write,
db_duration,1785955463,323.744839,,,,,,,,,default,,,,,,,
checks,1785955463,0.000000,db 200,,,,,,,,default,,,,,,,
overflow_responses,1785955463,1.000000,,,,,,,,,default,,,,,,,
data_sent,1785955463,90.000000,,,,,,,,,default,,,,,,,
data_received,1785955463,343.000000,,,,,,,,,default,,,,,,,
iteration_duration,1785955463,323.872008,,,,,,,,,default,,,,,,,
iterations,1785955463,1.000000,,,,,,,,,default,,,,,,,
http_reqs,1785955463,1.000000,,,1404,false,,POST,https://fluency.lat/api/benchmark/db-cycle,HTTP/2.0,default,,404,,tls1.3,https://fluency.lat/api/benchmark/db-cycle,kind=db_write,
http_req_duration,1785955463,324.441857,,,1404,false,,POST,https://fluency.lat/api/benchmark/db-cycle,HTTP/2.0,default,,404,,tls1.3,https://fluency.lat/api/benchmark/db-cycle,kind=db_write,
http_req_blocked,1785955463,0.000260,,,1404,false,,POST,https://fluency.lat/api/benchmark/db-cycle,HTTP/2.0,default,,404,,tls1.3,https://fluency.lat/api/benchmark/db-cycle,kind=db_write,
http_req_connecting,1785955463,0.000000,,,1404,false,,POST,https://fluency.lat/api/benchmark/db-cycle,HTTP/2.0,default,,404,,tls1.3,https://fluency.lat/api/benchmark/db-cycle,kind=db_write,
http_req_tls_handshaking,1785955463,0.000000,,,1404,false,,POST,https://fluency.lat/api/benchmark/db-cycle,HTTP/2.0,default,,404,,tls1.3,https://fluency.lat/api/benchmark/db-cycle,kind=db_write,
http_req_sending,1785955463,0.049080,,,1404,false,,POST,https://fluency.lat/api/benchmark/db-cycle,HTTP/2.0,default,,404,,tls1.3,https://fluency.lat/api/benchmark/db-cycle,kind=db_write,
http_req_waiting,1785955463,324.210288,,,1404,false,,POST,https://fluency.lat/api/benchmark/db-cycle,HTTP/2.0,default,,404,,tls1.3,https://fluency.lat/api/benchmark/db-cycle,kind=db_write,
http_req_receiving,1785955463,0.182489,,,1404,false,,POST,https://fluency.lat/api/benchmark/db-cycle,HTTP/2.0,default,,404,,tls1.3,https://fluency.lat/api/benchmark/db-cycle,kind=db_write,
http_req_failed,1785955463,1.000000,,,1404,false,,POST,https://fluency.lat/api/benchmark/db-cycle,HTTP/2.0,default,,404,,tls1.3,https://fluency.lat/api/benchmark/db-cycle,kind=db_write,
db_duration,1785955463,324.441857,,,,,,,,,default,,,,,,,
checks,1785955463,0.000000,db 200,,,,,,,,default,,,,,,,
overflow_responses,1785955463,1.000000,,,,,,,,,default,,,,,,,
data_sent,1785955463,90.000000,,,,,,,,,default,,,,,,,
data_received,1785955463,560.000000,,,,,,,,,default,,,,,,,
iteration_duration,1785955463,324.537517,,,,,,,,,default,,,,,,,
iterations,1785955463,1.000000,,,,,,,,,default,,,,,,,
http_reqs,1785955463,1.000000,,,1404,false,,POST,https://fluency.lat/api/benchmark/db-cycle,HTTP/2.0,default,,404,,tls1.3,https://fluency.lat/api/benchmark/db-cycle,kind=db_write,
http_req_duration,1785955463,320.734012,,,1404,false,,POST,https://fluency.lat/api/benchmark/db-cycle,HTTP/2.0,default,,404,,tls1.3,https://fluency.lat/api/benchmark/db-cycle,kind=db_write,
http_req_blocked,1785955463,0.000200,,,1404,false,,POST,https://fluency.lat/api/benchmark/db-cycle,HTTP/2.0,default,,404,,tls1.3,https://fluency.lat/api/benchmark/db-cycle,kind=db_write,
http_req_connecting,1785955463,0.000000,,,1404,false,,POST,https://fluency.lat/api/benchmark/db-cycle,HTTP/2.0,default,,404,,tls1.3,https://fluency.lat/api/benchmark/db-cycle,kind=db_write,
http_req_tls_handshaking,1785955463,0.000000,,,1404,false,,POST,https://fluency.lat/api/benchmark/db-cycle,HTTP/2.0,default,,404,,tls1.3,https://fluency.lat/api/benchmark/db-cycle,kind=db_write,
http_req_sending,1785955463,0.040200,,,1404,false,,POST,https://fluency.lat/api/benchmark/db-cycle,HTTP/2.0,default,,404,,tls1.3,https://fluency.lat/api/benchmark/db-cycle,kind=db_write,
http_req_waiting,1785955463,320.477022,,,1404,false,,POST,https://fluency.lat/api/benchmark/db-cycle,HTTP/2.0,default,,404,,tls1.3,https://fluency.lat/api/benchmark/db-cycle,kind=db_write,
http_req_receiving,1785955463,0.216790,,,1404,false,,POST,https://fluency.lat/api/benchmark/db-cycle,HTTP/2.0,default,,404,,tls1.3,https://fluency.lat/api/benchmark/db-cycle,kind=db_write,
http_req_failed,1785955463,1.000000,,,1404,false,,POST,https://fluency.lat/api/benchmark/db-cycle,HTTP/2.0,default,,404,,tls1.3,https://fluency.lat/api/benchmark/db-cycle,kind=db_write,
db_duration,1785955463,320.734012,,,,,,,,,default,,,,,,,
checks,1785955463,0.000000,db 200,,,,,,,,default,,,,,,,
overflow_responses,1785955463,1.000000,,,,,,,,,default,,,,,,,
data_sent,1785955463,90.000000,,,,,,,,,default,,,,,,,
data_received,1785955463,348.000000,,,,,,,,,default,,,,,,,
iteration_duration,1785955463,320.817252,,,,,,,,,default,,,,,,,
iterations,1785955463,1.000000,,,,,,,,,default,,,,,,,
http_reqs,1785955463,1.000000,,,1404,false,,POST,https://fluency.lat/api/benchmark/db-cycle,HTTP/2.0,default,,404,,tls1.3,https://fluency.lat/api/benchmark/db-cycle,kind=db_write,
http_req_duration,1785955463,319.448623,,,1404,false,,POST,https://fluency.lat/api/benchmark/db-cycle,HTTP/2.0,default,,404,,tls1.3,https://fluency.lat/api/benchmark/db-cycle,kind=db_write,
http_req_blocked,1785955463,0.000250,,,1404,false,,POST,https://fluency.lat/api/benchmark/db-cycle,HTTP/2.0,default,,404,,tls1.3,https://fluency.lat/api/benchmark/db-cycle,kind=db_write,
http_req_connecting,1785955463,0.000000,,,1404,false,,POST,https://fluency.lat/api/benchmark/db-cycle,HTTP/2.0,default,,404,,tls1.3,https://fluency.lat/api/benchmark/db-cycle,kind=db_write,
http_req_tls_handshaking,1785955463,0.000000,,,1404,false,,POST,https://fluency.lat/api/benchmark/db-cycle,HTTP/2.0,default,,404,,tls1.3,https://fluency.lat/api/benchmark/db-cycle,kind=db_write,
http_req_sending,1785955463,0.044040,,,1404,false,,POST,https://fluency.lat/api/benchmark/db-cycle,HTTP/2.0,default,,404,,tls1.3,https://fluency.lat/api/benchmark/db-cycle,kind=db_write,
http_req_waiting,1785955463,319.078344,,,1404,false,,POST,https://fluency.lat/api/benchmark/db-cycle,HTTP/2.0,default,,404,,tls1.3,https://fluency.lat/api/benchmark/db-cycle,kind=db_write,
http_req_receiving,1785955463,0.326239,,,1404,false,,POST,https://fluency.lat/api/benchmark/db-cycle,HTTP/2.0,default,,404,,tls1.3,https://fluency.lat/api/benchmark/db-cycle,kind=db_write,
http_req_failed,1785955463,1.000000,,,1404,false,,POST,https://fluency.lat/api/benchmark/db-cycle,HTTP/2.0,default,,404,,tls1.3,https://fluency.lat/api/benchmark/db-cycle,kind=db_write,
db_duration,1785955463,319.448623,,,,,,,,,default,,,,,,,
checks,1785955463,0.000000,db 200,,,,,,,,default,,,,,,,
overflow_responses,1785955463,1.000000,,,,,,,,,default,,,,,,,
data_sent,1785955463,90.000000,,,,,,,,,default,,,,,,,
data_received,1785955463,341.000000,,,,,,,,,default,,,,,,,
iteration_duration,1785955463,319.532743,,,,,,,,,default,,,,,,,
iterations,1785955463,1.000000,,,,,,,,,default,,,,,,,
vus,1785955463,5.000000,,,,,,,,,,,,,,,,
vus_max,1785955463,50.000000,,,,,,,,,,,,,,,,
http_reqs,1785955464,1.000000,,,1404,false,,POST,https://fluency.lat/api/benchmark/db-cycle,HTTP/2.0,default,,404,,tls1.3,https://fluency.lat/api/benchmark/db-cycle,kind=db_write,
http_req_duration,1785955464,325.242185,,,1404,false,,POST,https://fluency.lat/api/benchmark/db-cycle,HTTP/2.0,default,,404,,tls1.3,https://fluency.lat/api/benchmark/db-cycle,kind=db_write,
http_req_blocked,1785955464,0.000210,,,1404,false,,POST,https://fluency.lat/api/benchmark/db-cycle,HTTP/2.0,default,,404,,tls1.3,https://fluency.lat/api/benchmark/db-cycle,kind=db_write,
http_req_connecting,1785955464,0.000000,,,1404,false,,POST,https://fluency.lat/api/benchmark/db-cycle,HTTP/2.0,default,,404,,tls1.3,https://fluency.lat/api/benchmark/db-cycle,kind=db_write,
http_req_tls_handshaking,1785955464,0.000000,,,1404,false,,POST,https://fluency.lat/api/benchmark/db-cycle,HTTP/2.0,default,,404,,tls1.3,https://fluency.lat/api/benchmark/db-cycle,kind=db_write,
http_req_sending,1785955464,0.032740,,,1404,false,,POST,https://fluency.lat/api/benchmark/db-cycle,HTTP/2.0,default,,404,,tls1.3,https://fluency.lat/api/benchmark/db-cycle,kind=db_write,
http_req_waiting,1785955464,325.171365,,,1404,false,,POST,https://fluency.lat/api/benchmark/db-cycle,HTTP/2.0,default,,404,,tls1.3,https://fluency.lat/api/benchmark/db-cycle,kind=db_write,
http_req_receiving,1785955464,0.038080,,,1404,false,,POST,https://fluency.lat/api/benchmark/db-cycle,HTTP/2.0,default,,404,,tls1.3,https://fluency.lat/api/benchmark/db-cycle,kind=db_write,
http_req_failed,1785955464,1.000000,,,1404,false,,POST,https://fluency.lat/api/benchmark/db-cycle,HTTP/2.0,default,,404,,tls1.3,https://fluency.lat/api/benchmark/db-cycle,kind=db_write,
db_duration,1785955464,325.242185,,,,,,,,,default,,,,,,,
checks,1785955464,0.000000,db 200,,,,,,,,default,,,,,,,
overflow_responses,1785955464,1.000000,,,,,,,,,default,,,,,,,
data_sent,1785955464,90.000000,,,,,,,,,default,,,,,,,
data_received,1785955464,348.000000,,,,,,,,,default,,,,,,,
iteration_duration,1785955464,325.358975,,,,,,,,,default,,,,,,,
iterations,1785955464,1.000000,,,,,,,,,default,,,,,,,
http_reqs,1785955464,1.000000,,,1404,false,,POST,https://fluency.lat/api/benchmark/db-cycle,HTTP/2.0,default,,404,,tls1.3,https://fluency.lat/api/benchmark/db-cycle,kind=db_write,
http_req_duration,1785955464,319.953654,,,1404,false,,POST,https://fluency.lat/api/benchmark/db-cycle,HTTP/2.0,default,,404,,tls1.3,https://fluency.lat/api/benchmark/db-cycle,kind=db_write,
http_req_blocked,1785955464,0.000210,,,1404,false,,POST,https://fluency.lat/api/benchmark/db-cycle,HTTP/2.0,default,,404,,tls1.3,https://fluency.lat/api/benchmark/db-cycle,kind=db_write,
http_req_connecting,1785955464,0.000000,,,1404,false,,POST,https://fluency.lat/api/benchmark/db-cycle,HTTP/2.0,default,,404,,tls1.3,https://fluency.lat/api/benchmark/db-cycle,kind=db_write,
http_req_tls_handshaking,1785955464,0.000000,,,1404,false,,POST,https://fluency.lat/api/benchmark/db-cycle,HTTP/2.0,default,,404,,tls1.3,https://fluency.lat/api/benchmark/db-cycle,kind=db_write,
http_req_sending,1785955464,0.055880,,,1404,false,,POST,https://fluency.lat/api/benchmark/db-cycle,HTTP/2.0,default,,404,,tls1.3,https://fluency.lat/api/benchmark/db-cycle,kind=db_write,
http_req_waiting,1785955464,319.872814,,,1404,false,,POST,https://fluency.lat/api/benchmark/db-cycle,HTTP/2.0,default,,404,,tls1.3,https://fluency.lat/api/benchmark/db-cycle,kind=db_write,
http_req_receiving,1785955464,0.024960,,,1404,false,,POST,https://fluency.lat/api/benchmark/db-cycle,HTTP/2.0,default,,404,,tls1.3,https://fluency.lat/api/benchmark/db-cycle,kind=db_write,
http_req_failed,1785955464,1.000000,,,1404,false,,POST,https://fluency.lat/api/benchmark/db-cycle,HTTP/2.0,default,,404,,tls1.3,https://fluency.lat/api/benchmark/db-cycle,kind=db_write,
db_duration,1785955464,319.953654,,,,,,,,,default,,,,,,,
checks,1785955464,0.000000,db 200,,,,,,,,default,,,,,,,
overflow_responses,1785955464,1.000000,,,,,,,,,default,,,,,,,
data_sent,1785955464,90.000000,,,,,,,,,default,,,,,,,
data_received,1785955464,366.000000,,,,,,,,,default,,,,,,,
iteration_duration,1785955464,320.081764,,,,,,,,,default,,,,,,,
iterations,1785955464,1.000000,,,,,,,,,default,,,,,,,
http_reqs,1785955464,1.000000,,,1404,false,,POST,https://fluency.lat/api/benchmark/db-cycle,HTTP/2.0,default,,404,,tls1.3,https://fluency.lat/api/benchmark/db-cycle,kind=db_write,
http_req_duration,1785955464,326.840643,,,1404,false,,POST,https://fluency.lat/api/benchmark/db-cycle,HTTP/2.0,default,,404,,tls1.3,https://fluency.lat/api/benchmark/db-cycle,kind=db_write,
http_req_blocked,1785955464,0.000200,,,1404,false,,POST,https://fluency.lat/api/benchmark/db-cycle,HTTP/2.0,default,,404,,tls1.3,https://fluency.lat/api/benchmark/db-cycle,kind=db_write,
http_req_connecting,1785955464,0.000000,,,1404,false,,POST,https://fluency.lat/api/benchmark/db-cycle,HTTP/2.0,default,,404,,tls1.3,https://fluency.lat/api/benchmark/db-cycle,kind=db_write,
http_req_tls_handshaking,1785955464,0.000000,,,1404,false,,POST,https://fluency.lat/api/benchmark/db-cycle,HTTP/2.0,default,,404,,tls1.3,https://fluency.lat/api/benchmark/db-cycle,kind=db_write,
http_req_sending,1785955464,0.039870,,,1404,false,,POST,https://fluency.lat/api/benchmark/db-cycle,HTTP/2.0,default,,404,,tls1.3,https://fluency.lat/api/benchmark/db-cycle,kind=db_write,
http_req_waiting,1785955464,326.782363,,,1404,false,,POST,https://fluency.lat/api/benchmark/db-cycle,HTTP/2.0,default,,404,,tls1.3,https://fluency.lat/api/benchmark/db-cycle,kind=db_write,
http_req_receiving,1785955464,0.018410,,,1404,false,,POST,https://fluency.lat/api/benchmark/db-cycle,HTTP/2.0,default,,404,,tls1.3,https://fluency.lat/api/benchmark/db-cycle,kind=db_write,
http_req_failed,1785955464,1.000000,,,1404,false,,POST,https://fluency.lat/api/benchmark/db-cycle,HTTP/2.0,default,,404,,tls1.3,https://fluency.lat/api/benchmark/db-cycle,kind=db_write,
db_duration,1785955464,326.840643,,,,,,,,,default,,,,,,,
checks,1785955464,0.000000,db 200,,,,,,,,default,,,,,,,
overflow_responses,1785955464,1.000000,,,,,,,,,default,,,,,,,
data_sent,1785955464,90.000000,,,,,,,,,default,,,,,,,
data_received,1785955464,370.000000,,,,,,,,,default,,,,,,,
iteration_duration,1785955464,326.924453,,,,,,,,,default,,,,,,,
iterations,1785955464,1.000000,,,,,,,,,default,,,,,,,
http_reqs,1785955464,1.000000,,,1404,false,,POST,https://fluency.lat/api/benchmark/db-cycle,HTTP/2.0,default,,404,,tls1.3,https://fluency.lat/api/benchmark/db-cycle,kind=db_write,
http_req_duration,1785955464,325.596026,,,1404,false,,POST,https://fluency.lat/api/benchmark/db-cycle,HTTP/2.0,default,,404,,tls1.3,https://fluency.lat/api/benchmark/db-cycle,kind=db_write,
http_req_blocked,1785955464,0.000260,,,1404,false,,POST,https://fluency.lat/api/benchmark/db-cycle,HTTP/2.0,default,,404,,tls1.3,https://fluency.lat/api/benchmark/db-cycle,kind=db_write,
http_req_connecting,1785955464,0.000000,,,1404,false,,POST,https://fluency.lat/api/benchmark/db-cycle,HTTP/2.0,default,,404,,tls1.3,https://fluency.lat/api/benchmark/db-cycle,kind=db_write,
http_req_tls_handshaking,1785955464,0.000000,,,1404,false,,POST,https://fluency.lat/api/benchmark/db-cycle,HTTP/2.0,default,,404,,tls1.3,https://fluency.lat/api/benchmark/db-cycle,kind=db_write,
http_req_sending,1785955464,0.044750,,,1404,false,,POST,https://fluency.lat/api/benchmark/db-cycle,HTTP/2.0,default,,404,,tls1.3,https://fluency.lat/api/benchmark/db-cycle,kind=db_write,
http_req_waiting,1785955464,325.525526,,,1404,false,,POST,https://fluency.lat/api/benchmark/db-cycle,HTTP/2.0,default,,404,,tls1.3,https://fluency.lat/api/benchmark/db-cycle,kind=db_write,
http_req_receiving,1785955464,0.025750,,,1404,false,,POST,https://fluency.lat/api/benchmark/db-cycle,HTTP/2.0,default,,404,,tls1.3,https://fluency.lat/api/benchmark/db-cycle,kind=db_write,
http_req_failed,1785955464,1.000000,,,1404,false,,POST,https://fluency.lat/api/benchmark/db-cycle,HTTP/2.0,default,,404,,tls1.3,https://fluency.lat/api/benchmark/db-cycle,kind=db_write,
db_duration,1785955464,325.596026,,,,,,,,,default,,,,,,,
checks,1785955464,0.000000,db 200,,,,,,,,default,,,,,,,
overflow_responses,1785955464,1.000000,,,,,,,,,default,,,,,,,
data_sent,1785955464,90.000000,,,,,,,,,default,,,,,,,
data_received,1785955464,365.000000,,,,,,,,,default,,,,,,,
iteration_duration,1785955464,325.685956,,,,,,,,,default,,,,,,,
iterations,1785955464,1.000000,,,,,,,,,default,,,,,,,
http_reqs,1785955464,1.000000,,,1404,false,,POST,https://fluency.lat/api/benchmark/db-cycle,HTTP/2.0,default,,404,,tls1.3,https://fluency.lat/api/benchmark/db-cycle,kind=db_write,
http_req_duration,1785955464,319.525155,,,1404,false,,POST,https://fluency.lat/api/benchmark/db-cycle,HTTP/2.0,default,,404,,tls1.3,https://fluency.lat/api/benchmark/db-cycle,kind=db_write,
http_req_blocked,1785955464,0.000220,,,1404,false,,POST,https://fluency.lat/api/benchmark/db-cycle,HTTP/2.0,default,,404,,tls1.3,https://fluency.lat/api/benchmark/db-cycle,kind=db_write,
http_req_connecting,1785955464,0.000000,,,1404,false,,POST,https://fluency.lat/api/benchmark/db-cycle,HTTP/2.0,default,,404,,tls1.3,https://fluency.lat/api/benchmark/db-cycle,kind=db_write,
http_req_tls_handshaking,1785955464,0.000000,,,1404,false,,POST,https://fluency.lat/api/benchmark/db-cycle,HTTP/2.0,default,,404,,tls1.3,https://fluency.lat/api/benchmark/db-cycle,kind=db_write,
http_req_sending,1785955464,0.041280,,,1404,false,,POST,https://fluency.lat/api/benchmark/db-cycle,HTTP/2.0,default,,404,,tls1.3,https://fluency.lat/api/benchmark/db-cycle,kind=db_write,
http_req_waiting,1785955464,319.459745,,,1404,false,,POST,https://fluency.lat/api/benchmark/db-cycle,HTTP/2.0,default,,404,,tls1.3,https://fluency.lat/api/benchmark/db-cycle,kind=db_write,
http_req_receiving,1785955464,0.024130,,,1404,false,,POST,https://fluency.lat/api/benchmark/db-cycle,HTTP/2.0,default,,404,,tls1.3,https://fluency.lat/api/benchmark/db-cycle,kind=db_write,
http_req_failed,1785955464,1.000000,,,1404,false,,POST,https://fluency.lat/api/benchmark/db-cycle,HTTP/2.0,default,,404,,tls1.3,https://fluency.lat/api/benchmark/db-cycle,kind=db_write,
db_duration,1785955464,319.525155,,,,,,,,,default,,,,,,,
checks,1785955464,0.000000,db 200,,,,,,,,default,,,,,,,
overflow_responses,1785955464,1.000000,,,,,,,,,default,,,,,,,
data_sent,1785955464,90.000000,,,,,,,,,default,,,,,,,
data_received,1785955464,344.000000,,,,,,,,,default,,,,,,,
iteration_duration,1785955464,319.603865,,,,,,,,,default,,,,,,,
iterations,1785955464,1.000000,,,,,,,,,default,,,,,,,
http_reqs,1785955464,1.000000,,,1404,false,,POST,https://fluency.lat/api/benchmark/db-cycle,HTTP/2.0,default,,404,,tls1.3,https://fluency.lat/api/benchmark/db-cycle,kind=db_write,
http_req_duration,1785955464,323.069341,,,1404,false,,POST,https://fluency.lat/api/benchmark/db-cycle,HTTP/2.0,default,,404,,tls1.3,https://fluency.lat/api/benchmark/db-cycle,kind=db_write,
http_req_blocked,1785955464,0.000220,,,1404,false,,POST,https://fluency.lat/api/benchmark/db-cycle,HTTP/2.0,default,,404,,tls1.3,https://fluency.lat/api/benchmark/db-cycle,kind=db_write,
http_req_connecting,1785955464,0.000000,,,1404,false,,POST,https://fluency.lat/api/benchmark/db-cycle,HTTP/2.0,default,,404,,tls1.3,https://fluency.lat/api/benchmark/db-cycle,kind=db_write,
http_req_tls_handshaking,1785955464,0.000000,,,1404,false,,POST,https://fluency.lat/api/benchmark/db-cycle,HTTP/2.0,default,,404,,tls1.3,https://fluency.lat/api/benchmark/db-cycle,kind=db_write,
http_req_sending,1785955464,0.053330,,,1404,false,,POST,https://fluency.lat/api/benchmark/db-cycle,HTTP/2.0,default,,404,,tls1.3,https://fluency.lat/api/benchmark/db-cycle,kind=db_write,
http_req_waiting,1785955464,322.998571,,,1404,false,,POST,https://fluency.lat/api/benchmark/db-cycle,HTTP/2.0,default,,404,,tls1.3,https://fluency.lat/api/benchmark/db-cycle,kind=db_write,
http_req_receiving,1785955464,0.017440,,,1404,false,,POST,https://fluency.lat/api/benchmark/db-cycle,HTTP/2.0,default,,404,,tls1.3,https://fluency.lat/api/benchmark/db-cycle,kind=db_write,
http_req_failed,1785955464,1.000000,,,1404,false,,POST,https://fluency.lat/api/benchmark/db-cycle,HTTP/2.0,default,,404,,tls1.3,https://fluency.lat/api/benchmark/db-cycle,kind=db_write,
db_duration,1785955464,323.069341,,,,,,,,,default,,,,,,,
checks,1785955464,0.000000,db 200,,,,,,,,default,,,,,,,
overflow_responses,1785955464,1.000000,,,,,,,,,default,,,,,,,
data_sent,1785955464,90.000000,,,,,,,,,default,,,,,,,
data_received,1785955464,589.000000,,,,,,,,,default,,,,,,,
iteration_duration,1785955464,323.143000,,,,,,,,,default,,,,,,,
iterations,1785955464,1.000000,,,,,,,,,default,,,,,,,
http_reqs,1785955464,1.000000,,,1404,false,,POST,https://fluency.lat/api/benchmark/db-cycle,HTTP/2.0,default,,404,,tls1.3,https://fluency.lat/api/benchmark/db-cycle,kind=db_write,
http_req_duration,1785955464,319.268515,,,1404,false,,POST,https://fluency.lat/api/benchmark/db-cycle,HTTP/2.0,default,,404,,tls1.3,https://fluency.lat/api/benchmark/db-cycle,kind=db_write,
http_req_blocked,1785955464,0.000220,,,1404,false,,POST,https://fluency.lat/api/benchmark/db-cycle,HTTP/2.0,default,,404,,tls1.3,https://fluency.lat/api/benchmark/db-cycle,kind=db_write,
http_req_connecting,1785955464,0.000000,,,1404,false,,POST,https://fluency.lat/api/benchmark/db-cycle,HTTP/2.0,default,,404,,tls1.3,https://fluency.lat/api/benchmark/db-cycle,kind=db_write,
http_req_tls_handshaking,1785955464,0.000000,,,1404,false,,POST,https://fluency.lat/api/benchmark/db-cycle,HTTP/2.0,default,,404,,tls1.3,https://fluency.lat/api/benchmark/db-cycle,kind=db_write,
http_req_sending,1785955464,0.046200,,,1404,false,,POST,https://fluency.lat/api/benchmark/db-cycle,HTTP/2.0,default,,404,,tls1.3,https://fluency.lat/api/benchmark/db-cycle,kind=db_write,
http_req_waiting,1785955464,319.197385,,,1404,false,,POST,https://fluency.lat/api/benchmark/db-cycle,HTTP/2.0,default,,404,,tls1.3,https://fluency.lat/api/benchmark/db-cycle,kind=db_write,
http_req_receiving,1785955464,0.024930,,,1404,false,,POST,https://fluency.lat/api/benchmark/db-cycle,HTTP/2.0,default,,404,,tls1.3,https://fluency.lat/api/benchmark/db-cycle,kind=db_write,
http_req_failed,1785955464,1.000000,,,1404,false,,POST,https://fluency.lat/api/benchmark/db-cycle,HTTP/2.0,default,,404,,tls1.3,https://fluency.lat/api/benchmark/db-cycle,kind=db_write,
db_duration,1785955464,319.268515,,,,,,,,,default,,,,,,,
checks,1785955464,0.000000,db 200,,,,,,,,default,,,,,,,
overflow_responses,1785955464,1.000000,,,,,,,,,default,,,,,,,
data_sent,1785955464,90.000000,,,,,,,,,default,,,,,,,
data_received,1785955464,343.000000,,,,,,,,,default,,,,,,,
iteration_duration,1785955464,319.354325,,,,,,,,,default,,,,,,,
iterations,1785955464,1.000000,,,,,,,,,default,,,,,,,
http_reqs,1785955464,1.000000,,,1404,false,,POST,https://fluency.lat/api/benchmark/db-cycle,HTTP/2.0,default,,404,,tls1.3,https://fluency.lat/api/benchmark/db-cycle,kind=db_write,
http_req_duration,1785955464,322.935671,,,1404,false,,POST,https://fluency.lat/api/benchmark/db-cycle,HTTP/2.0,default,,404,,tls1.3,https://fluency.lat/api/benchmark/db-cycle,kind=db_write,
http_req_blocked,1785955464,0.000220,,,1404,false,,POST,https://fluency.lat/api/benchmark/db-cycle,HTTP/2.0,default,,404,,tls1.3,https://fluency.lat/api/benchmark/db-cycle,kind=db_write,
http_req_connecting,1785955464,0.000000,,,1404,false,,POST,https://fluency.lat/api/benchmark/db-cycle,HTTP/2.0,default,,404,,tls1.3,https://fluency.lat/api/benchmark/db-cycle,kind=db_write,
http_req_tls_handshaking,1785955464,0.000000,,,1404,false,,POST,https://fluency.lat/api/benchmark/db-cycle,HTTP/2.0,default,,404,,tls1.3,https://fluency.lat/api/benchmark/db-cycle,kind=db_write,
http_req_sending,1785955464,0.035330,,,1404,false,,POST,https://fluency.lat/api/benchmark/db-cycle,HTTP/2.0,default,,404,,tls1.3,https://fluency.lat/api/benchmark/db-cycle,kind=db_write,
http_req_waiting,1785955464,322.876851,,,1404,false,,POST,https://fluency.lat/api/benchmark/db-cycle,HTTP/2.0,default,,404,,tls1.3,https://fluency.lat/api/benchmark/db-cycle,kind=db_write,
http_req_receiving,1785955464,0.023490,,,1404,false,,POST,https://fluency.lat/api/benchmark/db-cycle,HTTP/2.0,default,,404,,tls1.3,https://fluency.lat/api/benchmark/db-cycle,kind=db_write,
http_req_failed,1785955464,1.000000,,,1404,false,,POST,https://fluency.lat/api/benchmark/db-cycle,HTTP/2.0,default,,404,,tls1.3,https://fluency.lat/api/benchmark/db-cycle,kind=db_write,
db_duration,1785955464,322.935671,,,,,,,,,default,,,,,,,
checks,1785955464,0.000000,db 200,,,,,,,,default,,,,,,,
overflow_responses,1785955464,1.000000,,,,,,,,,default,,,,,,,
data_sent,1785955464,90.000000,,,,,,,,,default,,,,,,,
data_received,1785955464,348.000000,,,,,,,,,default,,,,,,,
iteration_duration,1785955464,323.005791,,,,,,,,,default,,,,,,,
iterations,1785955464,1.000000,,,,,,,,,default,,,,,,,
http_reqs,1785955464,1.000000,,,1404,false,,POST,https://fluency.lat/api/benchmark/db-cycle,HTTP/2.0,default,,404,,tls1.3,https://fluency.lat/api/benchmark/db-cycle,kind=db_write,
http_req_duration,1785955464,323.509909,,,1404,false,,POST,https://fluency.lat/api/benchmark/db-cycle,HTTP/2.0,default,,404,,tls1.3,https://fluency.lat/api/benchmark/db-cycle,kind=db_write,
http_req_blocked,1785955464,0.000270,,,1404,false,,POST,https://fluency.lat/api/benchmark/db-cycle,HTTP/2.0,default,,404,,tls1.3,https://fluency.lat/api/benchmark/db-cycle,kind=db_write,
http_req_connecting,1785955464,0.000000,,,1404,false,,POST,https://fluency.lat/api/benchmark/db-cycle,HTTP/2.0,default,,404,,tls1.3,https://fluency.lat/api/benchmark/db-cycle,kind=db_write,
http_req_tls_handshaking,1785955464,0.000000,,,1404,false,,POST,https://fluency.lat/api/benchmark/db-cycle,HTTP/2.0,default,,404,,tls1.3,https://fluency.lat/api/benchmark/db-cycle,kind=db_write,
http_req_sending,1785955464,0.042350,,,1404,false,,POST,https://fluency.lat/api/benchmark/db-cycle,HTTP/2.0,default,,404,,tls1.3,https://fluency.lat/api/benchmark/db-cycle,kind=db_write,
http_req_waiting,1785955464,323.249710,,,1404,false,,POST,https://fluency.lat/api/benchmark/db-cycle,HTTP/2.0,default,,404,,tls1.3,https://fluency.lat/api/benchmark/db-cycle,kind=db_write,
http_req_receiving,1785955464,0.217849,,,1404,false,,POST,https://fluency.lat/api/benchmark/db-cycle,HTTP/2.0,default,,404,,tls1.3,https://fluency.lat/api/benchmark/db-cycle,kind=db_write,
http_req_failed,1785955464,1.000000,,,1404,false,,POST,https://fluency.lat/api/benchmark/db-cycle,HTTP/2.0,default,,404,,tls1.3,https://fluency.lat/api/benchmark/db-cycle,kind=db_write,
db_duration,1785955464,323.509909,,,,,,,,,default,,,,,,,
checks,1785955464,0.000000,db 200,,,,,,,,default,,,,,,,
overflow_responses,1785955464,1.000000,,,,,,,,,default,,,,,,,
data_sent,1785955464,90.000000,,,,,,,,,default,,,,,,,
data_received,1785955464,540.000000,,,,,,,,,default,,,,,,,
iteration_duration,1785955464,323.589429,,,,,,,,,default,,,,,,,
iterations,1785955464,1.000000,,,,,,,,,default,,,,,,,
http_reqs,1785955464,1.000000,,,1404,false,,POST,https://fluency.lat/api/benchmark/db-cycle,HTTP/2.0,default,,404,,tls1.3,https://fluency.lat/api/benchmark/db-cycle,kind=db_write,
http_req_duration,1785955464,324.611508,,,1404,false,,POST,https://fluency.lat/api/benchmark/db-cycle,HTTP/2.0,default,,404,,tls1.3,https://fluency.lat/api/benchmark/db-cycle,kind=db_write,
http_req_blocked,1785955464,0.000270,,,1404,false,,POST,https://fluency.lat/api/benchmark/db-cycle,HTTP/2.0,default,,404,,tls1.3,https://fluency.lat/api/benchmark/db-cycle,kind=db_write,
http_req_connecting,1785955464,0.000000,,,1404,false,,POST,https://fluency.lat/api/benchmark/db-cycle,HTTP/2.0,default,,404,,tls1.3,https://fluency.lat/api/benchmark/db-cycle,kind=db_write,
http_req_tls_handshaking,1785955464,0.000000,,,1404,false,,POST,https://fluency.lat/api/benchmark/db-cycle,HTTP/2.0,default,,404,,tls1.3,https://fluency.lat/api/benchmark/db-cycle,kind=db_write,
http_req_sending,1785955464,0.044810,,,1404,false,,POST,https://fluency.lat/api/benchmark/db-cycle,HTTP/2.0,default,,404,,tls1.3,https://fluency.lat/api/benchmark/db-cycle,kind=db_write,
http_req_waiting,1785955464,324.541428,,,1404,false,,POST,https://fluency.lat/api/benchmark/db-cycle,HTTP/2.0,default,,404,,tls1.3,https://fluency.lat/api/benchmark/db-cycle,kind=db_write,
http_req_receiving,1785955464,0.025270,,,1404,false,,POST,https://fluency.lat/api/benchmark/db-cycle,HTTP/2.0,default,,404,,tls1.3,https://fluency.lat/api/benchmark/db-cycle,kind=db_write,
http_req_failed,1785955464,1.000000,,,1404,false,,POST,https://fluency.lat/api/benchmark/db-cycle,HTTP/2.0,default,,404,,tls1.3,https://fluency.lat/api/benchmark/db-cycle,kind=db_write,
db_duration,1785955464,324.611508,,,,,,,,,default,,,,,,,
checks,1785955464,0.000000,db 200,,,,,,,,default,,,,,,,
overflow_responses,1785955464,1.000000,,,,,,,,,default,,,,,,,
data_sent,1785955464,90.000000,,,,,,,,,default,,,,,,,
data_received,1785955464,320.000000,,,,,,,,,default,,,,,,,
iteration_duration,1785955464,324.686418,,,,,,,,,default,,,,,,,
iterations,1785955464,1.000000,,,,,,,,,default,,,,,,,
http_reqs,1785955464,1.000000,,,1404,false,,POST,https://fluency.lat/api/benchmark/db-cycle,HTTP/2.0,default,,404,,tls1.3,https://fluency.lat/api/benchmark/db-cycle,kind=db_write,
http_req_duration,1785955464,334.984104,,,1404,false,,POST,https://fluency.lat/api/benchmark/db-cycle,HTTP/2.0,default,,404,,tls1.3,https://fluency.lat/api/benchmark/db-cycle,kind=db_write,
http_req_blocked,1785955464,0.000190,,,1404,false,,POST,https://fluency.lat/api/benchmark/db-cycle,HTTP/2.0,default,,404,,tls1.3,https://fluency.lat/api/benchmark/db-cycle,kind=db_write,
http_req_connecting,1785955464,0.000000,,,1404,false,,POST,https://fluency.lat/api/benchmark/db-cycle,HTTP/2.0,default,,404,,tls1.3,https://fluency.lat/api/benchmark/db-cycle,kind=db_write,
http_req_tls_handshaking,1785955464,0.000000,,,1404,false,,POST,https://fluency.lat/api/benchmark/db-cycle,HTTP/2.0,default,,404,,tls1.3,https://fluency.lat/api/benchmark/db-cycle,kind=db_write,
http_req_sending,1785955464,0.029140,,,1404,false,,POST,https://fluency.lat/api/benchmark/db-cycle,HTTP/2.0,default,,404,,tls1.3,https://fluency.lat/api/benchmark/db-cycle,kind=db_write,
http_req_waiting,1785955464,334.924714,,,1404,false,,POST,https://fluency.lat/api/benchmark/db-cycle,HTTP/2.0,default,,404,,tls1.3,https://fluency.lat/api/benchmark/db-cycle,kind=db_write,
http_req_receiving,1785955464,0.030250,,,1404,false,,POST,https://fluency.lat/api/benchmark/db-cycle,HTTP/2.0,default,,404,,tls1.3,https://fluency.lat/api/benchmark/db-cycle,kind=db_write,
http_req_failed,1785955464,1.000000,,,1404,false,,POST,https://fluency.lat/api/benchmark/db-cycle,HTTP/2.0,default,,404,,tls1.3,https://fluency.lat/api/benchmark/db-cycle,kind=db_write,
db_duration,1785955464,334.984104,,,,,,,,,default,,,,,,,
checks,1785955464,0.000000,db 200,,,,,,,,default,,,,,,,
overflow_responses,1785955464,1.000000,,,,,,,,,default,,,,,,,
data_sent,1785955464,90.000000,,,,,,,,,default,,,,,,,
data_received,1785955464,344.000000,,,,,,,,,default,,,,,,,
iteration_duration,1785955464,335.067764,,,,,,,,,default,,,,,,,
iterations,1785955464,1.000000,,,,,,,,,default,,,,,,,
http_reqs,1785955464,1.000000,,,1404,false,,POST,https://fluency.lat/api/benchmark/db-cycle,HTTP/2.0,default,,404,,tls1.3,https://fluency.lat/api/benchmark/db-cycle,kind=db_write,
http_req_duration,1785955464,321.155123,,,1404,false,,POST,https://fluency.lat/api/benchmark/db-cycle,HTTP/2.0,default,,404,,tls1.3,https://fluency.lat/api/benchmark/db-cycle,kind=db_write,
http_req_blocked,1785955464,0.000210,,,1404,false,,POST,https://fluency.lat/api/benchmark/db-cycle,HTTP/2.0,default,,404,,tls1.3,https://fluency.lat/api/benchmark/db-cycle,kind=db_write,
http_req_connecting,1785955464,0.000000,,,1404,false,,POST,https://fluency.lat/api/benchmark/db-cycle,HTTP/2.0,default,,404,,tls1.3,https://fluency.lat/api/benchmark/db-cycle,kind=db_write,
http_req_tls_handshaking,1785955464,0.000000,,,1404,false,,POST,https://fluency.lat/api/benchmark/db-cycle,HTTP/2.0,default,,404,,tls1.3,https://fluency.lat/api/benchmark/db-cycle,kind=db_write,
http_req_sending,1785955464,0.040340,,,1404,false,,POST,https://fluency.lat/api/benchmark/db-cycle,HTTP/2.0,default,,404,,tls1.3,https://fluency.lat/api/benchmark/db-cycle,kind=db_write,
http_req_waiting,1785955464,320.779644,,,1404,false,,POST,https://fluency.lat/api/benchmark/db-cycle,HTTP/2.0,default,,404,,tls1.3,https://fluency.lat/api/benchmark/db-cycle,kind=db_write,
http_req_receiving,1785955464,0.335139,,,1404,false,,POST,https://fluency.lat/api/benchmark/db-cycle,HTTP/2.0,default,,404,,tls1.3,https://fluency.lat/api/benchmark/db-cycle,kind=db_write,
http_req_failed,1785955464,1.000000,,,1404,false,,POST,https://fluency.lat/api/benchmark/db-cycle,HTTP/2.0,default,,404,,tls1.3,https://fluency.lat/api/benchmark/db-cycle,kind=db_write,
db_duration,1785955464,321.155123,,,,,,,,,default,,,,,,,
checks,1785955464,0.000000,db 200,,,,,,,,default,,,,,,,
overflow_responses,1785955464,1.000000,,,,,,,,,default,,,,,,,
data_sent,1785955464,90.000000,,,,,,,,,default,,,,,,,
data_received,1785955464,536.000000,,,,,,,,,default,,,,,,,
iteration_duration,1785955464,321.235813,,,,,,,,,default,,,,,,,
iterations,1785955464,1.000000,,,,,,,,,default,,,,,,,
http_reqs,1785955464,1.000000,,,1404,false,,POST,https://fluency.lat/api/benchmark/db-cycle,HTTP/2.0,default,,404,,tls1.3,https://fluency.lat/api/benchmark/db-cycle,kind=db_write,
http_req_duration,1785955464,327.408734,,,1404,false,,POST,https://fluency.lat/api/benchmark/db-cycle,HTTP/2.0,default,,404,,tls1.3,https://fluency.lat/api/benchmark/db-cycle,kind=db_write,
http_req_blocked,1785955464,0.000210,,,1404,false,,POST,https://fluency.lat/api/benchmark/db-cycle,HTTP/2.0,default,,404,,tls1.3,https://fluency.lat/api/benchmark/db-cycle,kind=db_write,
http_req_connecting,1785955464,0.000000,,,1404,false,,POST,https://fluency.lat/api/benchmark/db-cycle,HTTP/2.0,default,,404,,tls1.3,https://fluency.lat/api/benchmark/db-cycle,kind=db_write,
http_req_tls_handshaking,1785955464,0.000000,,,1404,false,,POST,https://fluency.lat/api/benchmark/db-cycle,HTTP/2.0,default,,404,,tls1.3,https://fluency.lat/api/benchmark/db-cycle,kind=db_write,
http_req_sending,1785955464,0.042439,,,1404,false,,POST,https://fluency.lat/api/benchmark/db-cycle,HTTP/2.0,default,,404,,tls1.3,https://fluency.lat/api/benchmark/db-cycle,kind=db_write,
http_req_waiting,1785955464,327.333915,,,1404,false,,POST,https://fluency.lat/api/benchmark/db-cycle,HTTP/2.0,default,,404,,tls1.3,https://fluency.lat/api/benchmark/db-cycle,kind=db_write,
http_req_receiving,1785955464,0.032380,,,1404,false,,POST,https://fluency.lat/api/benchmark/db-cycle,HTTP/2.0,default,,404,,tls1.3,https://fluency.lat/api/benchmark/db-cycle,kind=db_write,
http_req_failed,1785955464,1.000000,,,1404,false,,POST,https://fluency.lat/api/benchmark/db-cycle,HTTP/2.0,default,,404,,tls1.3,https://fluency.lat/api/benchmark/db-cycle,kind=db_write,
db_duration,1785955464,327.408734,,,,,,,,,default,,,,,,,
checks,1785955464,0.000000,db 200,,,,,,,,default,,,,,,,
overflow_responses,1785955464,1.000000,,,,,,,,,default,,,,,,,
data_sent,1785955464,90.000000,,,,,,,,,default,,,,,,,
data_received,1785955464,315.000000,,,,,,,,,default,,,,,,,
iteration_duration,1785955464,327.502824,,,,,,,,,default,,,,,,,
iterations,1785955464,1.000000,,,,,,,,,default,,,,,,,
http_reqs,1785955464,1.000000,,,1404,false,,POST,https://fluency.lat/api/benchmark/db-cycle,HTTP/2.0,default,,404,,tls1.3,https://fluency.lat/api/benchmark/db-cycle,kind=db_write,
http_req_duration,1785955464,323.948209,,,1404,false,,POST,https://fluency.lat/api/benchmark/db-cycle,HTTP/2.0,default,,404,,tls1.3,https://fluency.lat/api/benchmark/db-cycle,kind=db_write,
http_req_blocked,1785955464,0.000210,,,1404,false,,POST,https://fluency.lat/api/benchmark/db-cycle,HTTP/2.0,default,,404,,tls1.3,https://fluency.lat/api/benchmark/db-cycle,kind=db_write,
http_req_connecting,1785955464,0.000000,,,1404,false,,POST,https://fluency.lat/api/benchmark/db-cycle,HTTP/2.0,default,,404,,tls1.3,https://fluency.lat/api/benchmark/db-cycle,kind=db_write,
http_req_tls_handshaking,1785955464,0.000000,,,1404,false,,POST,https://fluency.lat/api/benchmark/db-cycle,HTTP/2.0,default,,404,,tls1.3,https://fluency.lat/api/benchmark/db-cycle,kind=db_write,
http_req_sending,1785955464,0.030270,,,1404,false,,POST,https://fluency.lat/api/benchmark/db-cycle,HTTP/2.0,default,,404,,tls1.3,https://fluency.lat/api/benchmark/db-cycle,kind=db_write,
http_req_waiting,1785955464,323.894639,,,1404,false,,POST,https://fluency.lat/api/benchmark/db-cycle,HTTP/2.0,default,,404,,tls1.3,https://fluency.lat/api/benchmark/db-cycle,kind=db_write,
http_req_receiving,1785955464,0.023300,,,1404,false,,POST,https://fluency.lat/api/benchmark/db-cycle,HTTP/2.0,default,,404,,tls1.3,https://fluency.lat/api/benchmark/db-cycle,kind=db_write,
http_req_failed,1785955464,1.000000,,,1404,false,,POST,https://fluency.lat/api/benchmark/db-cycle,HTTP/2.0,default,,404,,tls1.3,https://fluency.lat/api/benchmark/db-cycle,kind=db_write,
db_duration,1785955464,323.948209,,,,,,,,,default,,,,,,,
checks,1785955464,0.000000,db 200,,,,,,,,default,,,,,,,
overflow_responses,1785955464,1.000000,,,,,,,,,default,,,,,,,
data_sent,1785955464,90.000000,,,,,,,,,default,,,,,,,
data_received,1785955464,316.000000,,,,,,,,,default,,,,,,,
iteration_duration,1785955464,324.022889,,,,,,,,,default,,,,,,,
iterations,1785955464,1.000000,,,,,,,,,default,,,,,,,
http_reqs,1785955464,1.000000,,,1404,false,,POST,https://fluency.lat/api/benchmark/db-cycle,HTTP/2.0,default,,404,,tls1.3,https://fluency.lat/api/benchmark/db-cycle,kind=db_write,
http_req_duration,1785955464,358.609319,,,1404,false,,POST,https://fluency.lat/api/benchmark/db-cycle,HTTP/2.0,default,,404,,tls1.3,https://fluency.lat/api/benchmark/db-cycle,kind=db_write,
http_req_blocked,1785955464,0.000290,,,1404,false,,POST,https://fluency.lat/api/benchmark/db-cycle,HTTP/2.0,default,,404,,tls1.3,https://fluency.lat/api/benchmark/db-cycle,kind=db_write,
http_req_connecting,1785955464,0.000000,,,1404,false,,POST,https://fluency.lat/api/benchmark/db-cycle,HTTP/2.0,default,,404,,tls1.3,https://fluency.lat/api/benchmark/db-cycle,kind=db_write,
http_req_tls_handshaking,1785955464,0.000000,,,1404,false,,POST,https://fluency.lat/api/benchmark/db-cycle,HTTP/2.0,default,,404,,tls1.3,https://fluency.lat/api/benchmark/db-cycle,kind=db_write,
http_req_sending,1785955464,0.043580,,,1404,false,,POST,https://fluency.lat/api/benchmark/db-cycle,HTTP/2.0,default,,404,,tls1.3,https://fluency.lat/api/benchmark/db-cycle,kind=db_write,
http_req_waiting,1785955464,358.549579,,,1404,false,,POST,https://fluency.lat/api/benchmark/db-cycle,HTTP/2.0,default,,404,,tls1.3,https://fluency.lat/api/benchmark/db-cycle,kind=db_write,
http_req_receiving,1785955464,0.016160,,,1404,false,,POST,https://fluency.lat/api/benchmark/db-cycle,HTTP/2.0,default,,404,,tls1.3,https://fluency.lat/api/benchmark/db-cycle,kind=db_write,
http_req_failed,1785955464,1.000000,,,1404,false,,POST,https://fluency.lat/api/benchmark/db-cycle,HTTP/2.0,default,,404,,tls1.3,https://fluency.lat/api/benchmark/db-cycle,kind=db_write,
db_duration,1785955464,358.609319,,,,,,,,,default,,,,,,,
checks,1785955464,0.000000,db 200,,,,,,,,default,,,,,,,
overflow_responses,1785955464,1.000000,,,,,,,,,default,,,,,,,
data_sent,1785955464,90.000000,,,,,,,,,default,,,,,,,
data_received,1785955464,342.000000,,,,,,,,,default,,,,,,,
iteration_duration,1785955464,358.684779,,,,,,,,,default,,,,,,,
iterations,1785955464,1.000000,,,,,,,,,default,,,,,,,
vus,1785955464,5.000000,,,,,,,,,,,,,,,,
vus_max,1785955464,50.000000,,,,,,,,,,,,,,,,
http_reqs,1785955464,1.000000,,,1404,false,,POST,https://fluency.lat/api/benchmark/db-cycle,HTTP/2.0,default,,404,,tls1.3,https://fluency.lat/api/benchmark/db-cycle,kind=db_write,
http_req_duration,1785955464,323.407600,,,1404,false,,POST,https://fluency.lat/api/benchmark/db-cycle,HTTP/2.0,default,,404,,tls1.3,https://fluency.lat/api/benchmark/db-cycle,kind=db_write,
http_req_blocked,1785955464,0.000230,,,1404,false,,POST,https://fluency.lat/api/benchmark/db-cycle,HTTP/2.0,default,,404,,tls1.3,https://fluency.lat/api/benchmark/db-cycle,kind=db_write,
http_req_connecting,1785955464,0.000000,,,1404,false,,POST,https://fluency.lat/api/benchmark/db-cycle,HTTP/2.0,default,,404,,tls1.3,https://fluency.lat/api/benchmark/db-cycle,kind=db_write,
http_req_tls_handshaking,1785955464,0.000000,,,1404,false,,POST,https://fluency.lat/api/benchmark/db-cycle,HTTP/2.0,default,,404,,tls1.3,https://fluency.lat/api/benchmark/db-cycle,kind=db_write,
http_req_sending,1785955464,0.075620,,,1404,false,,POST,https://fluency.lat/api/benchmark/db-cycle,HTTP/2.0,default,,404,,tls1.3,https://fluency.lat/api/benchmark/db-cycle,kind=db_write,
http_req_waiting,1785955464,323.130251,,,1404,false,,POST,https://fluency.lat/api/benchmark/db-cycle,HTTP/2.0,default,,404,,tls1.3,https://fluency.lat/api/benchmark/db-cycle,kind=db_write,
http_req_receiving,1785955464,0.201729,,,1404,false,,POST,https://fluency.lat/api/benchmark/db-cycle,HTTP/2.0,default,,404,,tls1.3,https://fluency.lat/api/benchmark/db-cycle,kind=db_write,
http_req_failed,1785955464,1.000000,,,1404,false,,POST,https://fluency.lat/api/benchmark/db-cycle,HTTP/2.0,default,,404,,tls1.3,https://fluency.lat/api/benchmark/db-cycle,kind=db_write,
db_duration,1785955464,323.407600,,,,,,,,,default,,,,,,,
checks,1785955464,0.000000,db 200,,,,,,,,default,,,,,,,
overflow_responses,1785955464,1.000000,,,,,,,,,default,,,,,,,
data_sent,1785955464,90.000000,,,,,,,,,default,,,,,,,
data_received,1785955464,347.000000,,,,,,,,,default,,,,,,,
iteration_duration,1785955464,323.490830,,,,,,,,,default,,,,,,,
iterations,1785955464,1.000000,,,,,,,,,default,,,,,,,
http_reqs,1785955465,1.000000,,,1404,false,,POST,https://fluency.lat/api/benchmark/db-cycle,HTTP/2.0,default,,404,,tls1.3,https://fluency.lat/api/benchmark/db-cycle,kind=db_write,
http_req_duration,1785955465,319.957287,,,1404,false,,POST,https://fluency.lat/api/benchmark/db-cycle,HTTP/2.0,default,,404,,tls1.3,https://fluency.lat/api/benchmark/db-cycle,kind=db_write,
http_req_blocked,1785955465,0.000220,,,1404,false,,POST,https://fluency.lat/api/benchmark/db-cycle,HTTP/2.0,default,,404,,tls1.3,https://fluency.lat/api/benchmark/db-cycle,kind=db_write,
http_req_connecting,1785955465,0.000000,,,1404,false,,POST,https://fluency.lat/api/benchmark/db-cycle,HTTP/2.0,default,,404,,tls1.3,https://fluency.lat/api/benchmark/db-cycle,kind=db_write,
http_req_tls_handshaking,1785955465,0.000000,,,1404,false,,POST,https://fluency.lat/api/benchmark/db-cycle,HTTP/2.0,default,,404,,tls1.3,https://fluency.lat/api/benchmark/db-cycle,kind=db_write,
http_req_sending,1785955465,0.033550,,,1404,false,,POST,https://fluency.lat/api/benchmark/db-cycle,HTTP/2.0,default,,404,,tls1.3,https://fluency.lat/api/benchmark/db-cycle,kind=db_write,
http_req_waiting,1785955465,319.878587,,,1404,false,,POST,https://fluency.lat/api/benchmark/db-cycle,HTTP/2.0,default,,404,,tls1.3,https://fluency.lat/api/benchmark/db-cycle,kind=db_write,
http_req_receiving,1785955465,0.045150,,,1404,false,,POST,https://fluency.lat/api/benchmark/db-cycle,HTTP/2.0,default,,404,,tls1.3,https://fluency.lat/api/benchmark/db-cycle,kind=db_write,
http_req_failed,1785955465,1.000000,,,1404,false,,POST,https://fluency.lat/api/benchmark/db-cycle,HTTP/2.0,default,,404,,tls1.3,https://fluency.lat/api/benchmark/db-cycle,kind=db_write,
db_duration,1785955465,319.957287,,,,,,,,,default,,,,,,,
checks,1785955465,0.000000,db 200,,,,,,,,default,,,,,,,
overflow_responses,1785955465,1.000000,,,,,,,,,default,,,,,,,
data_sent,1785955465,90.000000,,,,,,,,,default,,,,,,,
data_received,1785955465,343.000000,,,,,,,,,default,,,,,,,
iteration_duration,1785955465,320.059546,,,,,,,,,default,,,,,,,
iterations,1785955465,1.000000,,,,,,,,,default,,,,,,,
http_reqs,1785955465,1.000000,,,1404,false,,POST,https://fluency.lat/api/benchmark/db-cycle,HTTP/2.0,default,,404,,tls1.3,https://fluency.lat/api/benchmark/db-cycle,kind=db_write,
http_req_duration,1785955465,324.860840,,,1404,false,,POST,https://fluency.lat/api/benchmark/db-cycle,HTTP/2.0,default,,404,,tls1.3,https://fluency.lat/api/benchmark/db-cycle,kind=db_write,
http_req_blocked,1785955465,0.000340,,,1404,false,,POST,https://fluency.lat/api/benchmark/db-cycle,HTTP/2.0,default,,404,,tls1.3,https://fluency.lat/api/benchmark/db-cycle,kind=db_write,
http_req_connecting,1785955465,0.000000,,,1404,false,,POST,https://fluency.lat/api/benchmark/db-cycle,HTTP/2.0,default,,404,,tls1.3,https://fluency.lat/api/benchmark/db-cycle,kind=db_write,
http_req_tls_handshaking,1785955465,0.000000,,,1404,false,,POST,https://fluency.lat/api/benchmark/db-cycle,HTTP/2.0,default,,404,,tls1.3,https://fluency.lat/api/benchmark/db-cycle,kind=db_write,
http_req_sending,1785955465,0.049790,,,1404,false,,POST,https://fluency.lat/api/benchmark/db-cycle,HTTP/2.0,default,,404,,tls1.3,https://fluency.lat/api/benchmark/db-cycle,kind=db_write,
http_req_waiting,1785955465,324.784280,,,1404,false,,POST,https://fluency.lat/api/benchmark/db-cycle,HTTP/2.0,default,,404,,tls1.3,https://fluency.lat/api/benchmark/db-cycle,kind=db_write,
http_req_receiving,1785955465,0.026770,,,1404,false,,POST,https://fluency.lat/api/benchmark/db-cycle,HTTP/2.0,default,,404,,tls1.3,https://fluency.lat/api/benchmark/db-cycle,kind=db_write,
http_req_failed,1785955465,1.000000,,,1404,false,,POST,https://fluency.lat/api/benchmark/db-cycle,HTTP/2.0,default,,404,,tls1.3,https://fluency.lat/api/benchmark/db-cycle,kind=db_write,
db_duration,1785955465,324.860840,,,,,,,,,default,,,,,,,
checks,1785955465,0.000000,db 200,,,,,,,,default,,,,,,,
overflow_responses,1785955465,1.000000,,,,,,,,,default,,,,,,,
data_sent,1785955465,90.000000,,,,,,,,,default,,,,,,,
data_received,1785955465,365.000000,,,,,,,,,default,,,,,,,
iteration_duration,1785955465,324.947090,,,,,,,,,default,,,,,,,
iterations,1785955465,1.000000,,,,,,,,,default,,,,,,,
http_reqs,1785955465,1.000000,,,1404,false,,POST,https://fluency.lat/api/benchmark/db-cycle,HTTP/2.0,default,,404,,tls1.3,https://fluency.lat/api/benchmark/db-cycle,kind=db_write,
http_req_duration,1785955465,324.405122,,,1404,false,,POST,https://fluency.lat/api/benchmark/db-cycle,HTTP/2.0,default,,404,,tls1.3,https://fluency.lat/api/benchmark/db-cycle,kind=db_write,
http_req_blocked,1785955465,0.000250,,,1404,false,,POST,https://fluency.lat/api/benchmark/db-cycle,HTTP/2.0,default,,404,,tls1.3,https://fluency.lat/api/benchmark/db-cycle,kind=db_write,
http_req_connecting,1785955465,0.000000,,,1404,false,,POST,https://fluency.lat/api/benchmark/db-cycle,HTTP/2.0,default,,404,,tls1.3,https://fluency.lat/api/benchmark/db-cycle,kind=db_write,
http_req_tls_handshaking,1785955465,0.000000,,,1404,false,,POST,https://fluency.lat/api/benchmark/db-cycle,HTTP/2.0,default,,404,,tls1.3,https://fluency.lat/api/benchmark/db-cycle,kind=db_write,
http_req_sending,1785955465,0.035560,,,1404,false,,POST,https://fluency.lat/api/benchmark/db-cycle,HTTP/2.0,default,,404,,tls1.3,https://fluency.lat/api/benchmark/db-cycle,kind=db_write,
http_req_waiting,1785955465,324.340742,,,1404,false,,POST,https://fluency.lat/api/benchmark/db-cycle,HTTP/2.0,default,,404,,tls1.3,https://fluency.lat/api/benchmark/db-cycle,kind=db_write,
http_req_receiving,1785955465,0.028820,,,1404,false,,POST,https://fluency.lat/api/benchmark/db-cycle,HTTP/2.0,default,,404,,tls1.3,https://fluency.lat/api/benchmark/db-cycle,kind=db_write,
http_req_failed,1785955465,1.000000,,,1404,false,,POST,https://fluency.lat/api/benchmark/db-cycle,HTTP/2.0,default,,404,,tls1.3,https://fluency.lat/api/benchmark/db-cycle,kind=db_write,
db_duration,1785955465,324.405122,,,,,,,,,default,,,,,,,
checks,1785955465,0.000000,db 200,,,,,,,,default,,,,,,,
overflow_responses,1785955465,1.000000,,,,,,,,,default,,,,,,,
data_sent,1785955465,90.000000,,,,,,,,,default,,,,,,,
data_received,1785955465,345.000000,,,,,,,,,default,,,,,,,
iteration_duration,1785955465,324.498702,,,,,,,,,default,,,,,,,
iterations,1785955465,1.000000,,,,,,,,,default,,,,,,,
http_reqs,1785955465,1.000000,,,1404,false,,POST,https://fluency.lat/api/benchmark/db-cycle,HTTP/2.0,default,,404,,tls1.3,https://fluency.lat/api/benchmark/db-cycle,kind=db_write,
http_req_duration,1785955465,326.140749,,,1404,false,,POST,https://fluency.lat/api/benchmark/db-cycle,HTTP/2.0,default,,404,,tls1.3,https://fluency.lat/api/benchmark/db-cycle,kind=db_write,
http_req_blocked,1785955465,0.000270,,,1404,false,,POST,https://fluency.lat/api/benchmark/db-cycle,HTTP/2.0,default,,404,,tls1.3,https://fluency.lat/api/benchmark/db-cycle,kind=db_write,
http_req_connecting,1785955465,0.000000,,,1404,false,,POST,https://fluency.lat/api/benchmark/db-cycle,HTTP/2.0,default,,404,,tls1.3,https://fluency.lat/api/benchmark/db-cycle,kind=db_write,
http_req_tls_handshaking,1785955465,0.000000,,,1404,false,,POST,https://fluency.lat/api/benchmark/db-cycle,HTTP/2.0,default,,404,,tls1.3,https://fluency.lat/api/benchmark/db-cycle,kind=db_write,
http_req_sending,1785955465,0.030180,,,1404,false,,POST,https://fluency.lat/api/benchmark/db-cycle,HTTP/2.0,default,,404,,tls1.3,https://fluency.lat/api/benchmark/db-cycle,kind=db_write,
http_req_waiting,1785955465,326.090929,,,1404,false,,POST,https://fluency.lat/api/benchmark/db-cycle,HTTP/2.0,default,,404,,tls1.3,https://fluency.lat/api/benchmark/db-cycle,kind=db_write,
http_req_receiving,1785955465,0.019640,,,1404,false,,POST,https://fluency.lat/api/benchmark/db-cycle,HTTP/2.0,default,,404,,tls1.3,https://fluency.lat/api/benchmark/db-cycle,kind=db_write,
http_req_failed,1785955465,1.000000,,,1404,false,,POST,https://fluency.lat/api/benchmark/db-cycle,HTTP/2.0,default,,404,,tls1.3,https://fluency.lat/api/benchmark/db-cycle,kind=db_write,
db_duration,1785955465,326.140749,,,,,,,,,default,,,,,,,
checks,1785955465,0.000000,db 200,,,,,,,,default,,,,,,,
overflow_responses,1785955465,1.000000,,,,,,,,,default,,,,,,,
data_sent,1785955465,90.000000,,,,,,,,,default,,,,,,,
data_received,1785955465,370.000000,,,,,,,,,default,,,,,,,
iteration_duration,1785955465,326.218419,,,,,,,,,default,,,,,,,
iterations,1785955465,1.000000,,,,,,,,,default,,,,,,,
http_reqs,1785955465,1.000000,,,1404,false,,POST,https://fluency.lat/api/benchmark/db-cycle,HTTP/2.0,default,,404,,tls1.3,https://fluency.lat/api/benchmark/db-cycle,kind=db_write,
http_req_duration,1785955465,327.755008,,,1404,false,,POST,https://fluency.lat/api/benchmark/db-cycle,HTTP/2.0,default,,404,,tls1.3,https://fluency.lat/api/benchmark/db-cycle,kind=db_write,
http_req_blocked,1785955465,0.000210,,,1404,false,,POST,https://fluency.lat/api/benchmark/db-cycle,HTTP/2.0,default,,404,,tls1.3,https://fluency.lat/api/benchmark/db-cycle,kind=db_write,
http_req_connecting,1785955465,0.000000,,,1404,false,,POST,https://fluency.lat/api/benchmark/db-cycle,HTTP/2.0,default,,404,,tls1.3,https://fluency.lat/api/benchmark/db-cycle,kind=db_write,
http_req_tls_handshaking,1785955465,0.000000,,,1404,false,,POST,https://fluency.lat/api/benchmark/db-cycle,HTTP/2.0,default,,404,,tls1.3,https://fluency.lat/api/benchmark/db-cycle,kind=db_write,
http_req_sending,1785955465,0.034060,,,1404,false,,POST,https://fluency.lat/api/benchmark/db-cycle,HTTP/2.0,default,,404,,tls1.3,https://fluency.lat/api/benchmark/db-cycle,kind=db_write,
http_req_waiting,1785955465,327.541228,,,1404,false,,POST,https://fluency.lat/api/benchmark/db-cycle,HTTP/2.0,default,,404,,tls1.3,https://fluency.lat/api/benchmark/db-cycle,kind=db_write,
http_req_receiving,1785955465,0.179720,,,1404,false,,POST,https://fluency.lat/api/benchmark/db-cycle,HTTP/2.0,default,,404,,tls1.3,https://fluency.lat/api/benchmark/db-cycle,kind=db_write,
http_req_failed,1785955465,1.000000,,,1404,false,,POST,https://fluency.lat/api/benchmark/db-cycle,HTTP/2.0,default,,404,,tls1.3,https://fluency.lat/api/benchmark/db-cycle,kind=db_write,
db_duration,1785955465,327.755008,,,,,,,,,default,,,,,,,
checks,1785955465,0.000000,db 200,,,,,,,,default,,,,,,,
overflow_responses,1785955465,1.000000,,,,,,,,,default,,,,,,,
data_sent,1785955465,90.000000,,,,,,,,,default,,,,,,,
data_received,1785955465,368.000000,,,,,,,,,default,,,,,,,
iteration_duration,1785955465,327.828008,,,,,,,,,default,,,,,,,
iterations,1785955465,1.000000,,,,,,,,,default,,,,,,,
http_reqs,1785955465,1.000000,,,1404,false,,POST,https://fluency.lat/api/benchmark/db-cycle,HTTP/2.0,default,,404,,tls1.3,https://fluency.lat/api/benchmark/db-cycle,kind=db_write,
http_req_duration,1785955465,318.653362,,,1404,false,,POST,https://fluency.lat/api/benchmark/db-cycle,HTTP/2.0,default,,404,,tls1.3,https://fluency.lat/api/benchmark/db-cycle,kind=db_write,
http_req_blocked,1785955465,0.000270,,,1404,false,,POST,https://fluency.lat/api/benchmark/db-cycle,HTTP/2.0,default,,404,,tls1.3,https://fluency.lat/api/benchmark/db-cycle,kind=db_write,
http_req_connecting,1785955465,0.000000,,,1404,false,,POST,https://fluency.lat/api/benchmark/db-cycle,HTTP/2.0,default,,404,,tls1.3,https://fluency.lat/api/benchmark/db-cycle,kind=db_write,
http_req_tls_handshaking,1785955465,0.000000,,,1404,false,,POST,https://fluency.lat/api/benchmark/db-cycle,HTTP/2.0,default,,404,,tls1.3,https://fluency.lat/api/benchmark/db-cycle,kind=db_write,
http_req_sending,1785955465,0.058910,,,1404,false,,POST,https://fluency.lat/api/benchmark/db-cycle,HTTP/2.0,default,,404,,tls1.3,https://fluency.lat/api/benchmark/db-cycle,kind=db_write,
http_req_waiting,1785955465,318.572342,,,1404,false,,POST,https://fluency.lat/api/benchmark/db-cycle,HTTP/2.0,default,,404,,tls1.3,https://fluency.lat/api/benchmark/db-cycle,kind=db_write,
http_req_receiving,1785955465,0.022110,,,1404,false,,POST,https://fluency.lat/api/benchmark/db-cycle,HTTP/2.0,default,,404,,tls1.3,https://fluency.lat/api/benchmark/db-cycle,kind=db_write,
http_req_failed,1785955465,1.000000,,,1404,false,,POST,https://fluency.lat/api/benchmark/db-cycle,HTTP/2.0,default,,404,,tls1.3,https://fluency.lat/api/benchmark/db-cycle,kind=db_write,
db_duration,1785955465,318.653362,,,,,,,,,default,,,,,,,
checks,1785955465,0.000000,db 200,,,,,,,,default,,,,,,,
overflow_responses,1785955465,1.000000,,,,,,,,,default,,,,,,,
data_sent,1785955465,90.000000,,,,,,,,,default,,,,,,,
data_received,1785955465,321.000000,,,,,,,,,default,,,,,,,
iteration_duration,1785955465,318.745152,,,,,,,,,default,,,,,,,
iterations,1785955465,1.000000,,,,,,,,,default,,,,,,,
http_reqs,1785955465,1.000000,,,1404,false,,POST,https://fluency.lat/api/benchmark/db-cycle,HTTP/2.0,default,,404,,tls1.3,https://fluency.lat/api/benchmark/db-cycle,kind=db_write,
http_req_duration,1785955465,328.822357,,,1404,false,,POST,https://fluency.lat/api/benchmark/db-cycle,HTTP/2.0,default,,404,,tls1.3,https://fluency.lat/api/benchmark/db-cycle,kind=db_write,
http_req_blocked,1785955465,0.000220,,,1404,false,,POST,https://fluency.lat/api/benchmark/db-cycle,HTTP/2.0,default,,404,,tls1.3,https://fluency.lat/api/benchmark/db-cycle,kind=db_write,
http_req_connecting,1785955465,0.000000,,,1404,false,,POST,https://fluency.lat/api/benchmark/db-cycle,HTTP/2.0,default,,404,,tls1.3,https://fluency.lat/api/benchmark/db-cycle,kind=db_write,
http_req_tls_handshaking,1785955465,0.000000,,,1404,false,,POST,https://fluency.lat/api/benchmark/db-cycle,HTTP/2.0,default,,404,,tls1.3,https://fluency.lat/api/benchmark/db-cycle,kind=db_write,
http_req_sending,1785955465,0.032820,,,1404,false,,POST,https://fluency.lat/api/benchmark/db-cycle,HTTP/2.0,default,,404,,tls1.3,https://fluency.lat/api/benchmark/db-cycle,kind=db_write,
http_req_waiting,1785955465,328.596767,,,1404,false,,POST,https://fluency.lat/api/benchmark/db-cycle,HTTP/2.0,default,,404,,tls1.3,https://fluency.lat/api/benchmark/db-cycle,kind=db_write,
http_req_receiving,1785955465,0.192770,,,1404,false,,POST,https://fluency.lat/api/benchmark/db-cycle,HTTP/2.0,default,,404,,tls1.3,https://fluency.lat/api/benchmark/db-cycle,kind=db_write,
http_req_failed,1785955465,1.000000,,,1404,false,,POST,https://fluency.lat/api/benchmark/db-cycle,HTTP/2.0,default,,404,,tls1.3,https://fluency.lat/api/benchmark/db-cycle,kind=db_write,
db_duration,1785955465,328.822357,,,,,,,,,default,,,,,,,
checks,1785955465,0.000000,db 200,,,,,,,,default,,,,,,,
overflow_responses,1785955465,1.000000,,,,,,,,,default,,,,,,,
data_sent,1785955465,90.000000,,,,,,,,,default,,,,,,,
data_received,1785955465,345.000000,,,,,,,,,default,,,,,,,
iteration_duration,1785955465,328.904706,,,,,,,,,default,,,,,,,
iterations,1785955465,1.000000,,,,,,,,,default,,,,,,,
http_reqs,1785955465,1.000000,,,1404,false,,POST,https://fluency.lat/api/benchmark/db-cycle,HTTP/2.0,default,,404,,tls1.3,https://fluency.lat/api/benchmark/db-cycle,kind=db_write,
http_req_duration,1785955465,323.890943,,,1404,false,,POST,https://fluency.lat/api/benchmark/db-cycle,HTTP/2.0,default,,404,,tls1.3,https://fluency.lat/api/benchmark/db-cycle,kind=db_write,
http_req_blocked,1785955465,0.000220,,,1404,false,,POST,https://fluency.lat/api/benchmark/db-cycle,HTTP/2.0,default,,404,,tls1.3,https://fluency.lat/api/benchmark/db-cycle,kind=db_write,
http_req_connecting,1785955465,0.000000,,,1404,false,,POST,https://fluency.lat/api/benchmark/db-cycle,HTTP/2.0,default,,404,,tls1.3,https://fluency.lat/api/benchmark/db-cycle,kind=db_write,
http_req_tls_handshaking,1785955465,0.000000,,,1404,false,,POST,https://fluency.lat/api/benchmark/db-cycle,HTTP/2.0,default,,404,,tls1.3,https://fluency.lat/api/benchmark/db-cycle,kind=db_write,
http_req_sending,1785955465,0.037109,,,1404,false,,POST,https://fluency.lat/api/benchmark/db-cycle,HTTP/2.0,default,,404,,tls1.3,https://fluency.lat/api/benchmark/db-cycle,kind=db_write,
http_req_waiting,1785955465,323.834064,,,1404,false,,POST,https://fluency.lat/api/benchmark/db-cycle,HTTP/2.0,default,,404,,tls1.3,https://fluency.lat/api/benchmark/db-cycle,kind=db_write,
http_req_receiving,1785955465,0.019770,,,1404,false,,POST,https://fluency.lat/api/benchmark/db-cycle,HTTP/2.0,default,,404,,tls1.3,https://fluency.lat/api/benchmark/db-cycle,kind=db_write,
http_req_failed,1785955465,1.000000,,,1404,false,,POST,https://fluency.lat/api/benchmark/db-cycle,HTTP/2.0,default,,404,,tls1.3,https://fluency.lat/api/benchmark/db-cycle,kind=db_write,
db_duration,1785955465,323.890943,,,,,,,,,default,,,,,,,
checks,1785955465,0.000000,db 200,,,,,,,,default,,,,,,,
overflow_responses,1785955465,1.000000,,,,,,,,,default,,,,,,,
data_sent,1785955465,90.000000,,,,,,,,,default,,,,,,,
data_received,1785955465,324.000000,,,,,,,,,default,,,,,,,
iteration_duration,1785955465,323.963343,,,,,,,,,default,,,,,,,
iterations,1785955465,1.000000,,,,,,,,,default,,,,,,,
http_reqs,1785955465,1.000000,,,1404,false,,POST,https://fluency.lat/api/benchmark/db-cycle,HTTP/2.0,default,,404,,tls1.3,https://fluency.lat/api/benchmark/db-cycle,kind=db_write,
http_req_duration,1785955465,320.611808,,,1404,false,,POST,https://fluency.lat/api/benchmark/db-cycle,HTTP/2.0,default,,404,,tls1.3,https://fluency.lat/api/benchmark/db-cycle,kind=db_write,
http_req_blocked,1785955465,0.000200,,,1404,false,,POST,https://fluency.lat/api/benchmark/db-cycle,HTTP/2.0,default,,404,,tls1.3,https://fluency.lat/api/benchmark/db-cycle,kind=db_write,
http_req_connecting,1785955465,0.000000,,,1404,false,,POST,https://fluency.lat/api/benchmark/db-cycle,HTTP/2.0,default,,404,,tls1.3,https://fluency.lat/api/benchmark/db-cycle,kind=db_write,
http_req_tls_handshaking,1785955465,0.000000,,,1404,false,,POST,https://fluency.lat/api/benchmark/db-cycle,HTTP/2.0,default,,404,,tls1.3,https://fluency.lat/api/benchmark/db-cycle,kind=db_write,
http_req_sending,1785955465,0.029560,,,1404,false,,POST,https://fluency.lat/api/benchmark/db-cycle,HTTP/2.0,default,,404,,tls1.3,https://fluency.lat/api/benchmark/db-cycle,kind=db_write,
http_req_waiting,1785955465,320.559488,,,1404,false,,POST,https://fluency.lat/api/benchmark/db-cycle,HTTP/2.0,default,,404,,tls1.3,https://fluency.lat/api/benchmark/db-cycle,kind=db_write,
http_req_receiving,1785955465,0.022760,,,1404,false,,POST,https://fluency.lat/api/benchmark/db-cycle,HTTP/2.0,default,,404,,tls1.3,https://fluency.lat/api/benchmark/db-cycle,kind=db_write,
http_req_failed,1785955465,1.000000,,,1404,false,,POST,https://fluency.lat/api/benchmark/db-cycle,HTTP/2.0,default,,404,,tls1.3,https://fluency.lat/api/benchmark/db-cycle,kind=db_write,
db_duration,1785955465,320.611808,,,,,,,,,default,,,,,,,
checks,1785955465,0.000000,db 200,,,,,,,,default,,,,,,,
overflow_responses,1785955465,1.000000,,,,,,,,,default,,,,,,,
data_sent,1785955465,90.000000,,,,,,,,,default,,,,,,,
data_received,1785955465,341.000000,,,,,,,,,default,,,,,,,
iteration_duration,1785955465,320.685268,,,,,,,,,default,,,,,,,
iterations,1785955465,1.000000,,,,,,,,,default,,,,,,,
http_reqs,1785955465,1.000000,,,1404,false,,POST,https://fluency.lat/api/benchmark/db-cycle,HTTP/2.0,default,,404,,tls1.3,https://fluency.lat/api/benchmark/db-cycle,kind=db_write,
http_req_duration,1785955465,320.403047,,,1404,false,,POST,https://fluency.lat/api/benchmark/db-cycle,HTTP/2.0,default,,404,,tls1.3,https://fluency.lat/api/benchmark/db-cycle,kind=db_write,
http_req_blocked,1785955465,0.000210,,,1404,false,,POST,https://fluency.lat/api/benchmark/db-cycle,HTTP/2.0,default,,404,,tls1.3,https://fluency.lat/api/benchmark/db-cycle,kind=db_write,
http_req_connecting,1785955465,0.000000,,,1404,false,,POST,https://fluency.lat/api/benchmark/db-cycle,HTTP/2.0,default,,404,,tls1.3,https://fluency.lat/api/benchmark/db-cycle,kind=db_write,
http_req_tls_handshaking,1785955465,0.000000,,,1404,false,,POST,https://fluency.lat/api/benchmark/db-cycle,HTTP/2.0,default,,404,,tls1.3,https://fluency.lat/api/benchmark/db-cycle,kind=db_write,
http_req_sending,1785955465,0.034220,,,1404,false,,POST,https://fluency.lat/api/benchmark/db-cycle,HTTP/2.0,default,,404,,tls1.3,https://fluency.lat/api/benchmark/db-cycle,kind=db_write,
http_req_waiting,1785955465,320.154727,,,1404,false,,POST,https://fluency.lat/api/benchmark/db-cycle,HTTP/2.0,default,,404,,tls1.3,https://fluency.lat/api/benchmark/db-cycle,kind=db_write,
http_req_receiving,1785955465,0.214100,,,1404,false,,POST,https://fluency.lat/api/benchmark/db-cycle,HTTP/2.0,default,,404,,tls1.3,https://fluency.lat/api/benchmark/db-cycle,kind=db_write,
http_req_failed,1785955465,1.000000,,,1404,false,,POST,https://fluency.lat/api/benchmark/db-cycle,HTTP/2.0,default,,404,,tls1.3,https://fluency.lat/api/benchmark/db-cycle,kind=db_write,
db_duration,1785955465,320.403047,,,,,,,,,default,,,,,,,
checks,1785955465,0.000000,db 200,,,,,,,,default,,,,,,,
overflow_responses,1785955465,1.000000,,,,,,,,,default,,,,,,,
data_sent,1785955465,90.000000,,,,,,,,,default,,,,,,,
data_received,1785955465,323.000000,,,,,,,,,default,,,,,,,
iteration_duration,1785955465,320.466687,,,,,,,,,default,,,,,,,
iterations,1785955465,1.000000,,,,,,,,,default,,,,,,,
http_reqs,1785955465,1.000000,,,1404,false,,POST,https://fluency.lat/api/benchmark/db-cycle,HTTP/2.0,default,,404,,tls1.3,https://fluency.lat/api/benchmark/db-cycle,kind=db_write,
http_req_duration,1785955465,323.615372,,,1404,false,,POST,https://fluency.lat/api/benchmark/db-cycle,HTTP/2.0,default,,404,,tls1.3,https://fluency.lat/api/benchmark/db-cycle,kind=db_write,
http_req_blocked,1785955465,0.000210,,,1404,false,,POST,https://fluency.lat/api/benchmark/db-cycle,HTTP/2.0,default,,404,,tls1.3,https://fluency.lat/api/benchmark/db-cycle,kind=db_write,
http_req_connecting,1785955465,0.000000,,,1404,false,,POST,https://fluency.lat/api/benchmark/db-cycle,HTTP/2.0,default,,404,,tls1.3,https://fluency.lat/api/benchmark/db-cycle,kind=db_write,
http_req_tls_handshaking,1785955465,0.000000,,,1404,false,,POST,https://fluency.lat/api/benchmark/db-cycle,HTTP/2.0,default,,404,,tls1.3,https://fluency.lat/api/benchmark/db-cycle,kind=db_write,
http_req_sending,1785955465,0.032420,,,1404,false,,POST,https://fluency.lat/api/benchmark/db-cycle,HTTP/2.0,default,,404,,tls1.3,https://fluency.lat/api/benchmark/db-cycle,kind=db_write,
http_req_waiting,1785955465,323.563392,,,1404,false,,POST,https://fluency.lat/api/benchmark/db-cycle,HTTP/2.0,default,,404,,tls1.3,https://fluency.lat/api/benchmark/db-cycle,kind=db_write,
http_req_receiving,1785955465,0.019560,,,1404,false,,POST,https://fluency.lat/api/benchmark/db-cycle,HTTP/2.0,default,,404,,tls1.3,https://fluency.lat/api/benchmark/db-cycle,kind=db_write,
http_req_failed,1785955465,1.000000,,,1404,false,,POST,https://fluency.lat/api/benchmark/db-cycle,HTTP/2.0,default,,404,,tls1.3,https://fluency.lat/api/benchmark/db-cycle,kind=db_write,
db_duration,1785955465,323.615372,,,,,,,,,default,,,,,,,
checks,1785955465,0.000000,db 200,,,,,,,,default,,,,,,,
overflow_responses,1785955465,1.000000,,,,,,,,,default,,,,,,,
data_sent,1785955465,90.000000,,,,,,,,,default,,,,,,,
data_received,1785955465,341.000000,,,,,,,,,default,,,,,,,
iteration_duration,1785955465,323.695991,,,,,,,,,default,,,,,,,
iterations,1785955465,1.000000,,,,,,,,,default,,,,,,,
http_reqs,1785955465,1.000000,,,1404,false,,POST,https://fluency.lat/api/benchmark/db-cycle,HTTP/2.0,default,,404,,tls1.3,https://fluency.lat/api/benchmark/db-cycle,kind=db_write,
http_req_duration,1785955465,322.174794,,,1404,false,,POST,https://fluency.lat/api/benchmark/db-cycle,HTTP/2.0,default,,404,,tls1.3,https://fluency.lat/api/benchmark/db-cycle,kind=db_write,
http_req_blocked,1785955465,0.000260,,,1404,false,,POST,https://fluency.lat/api/benchmark/db-cycle,HTTP/2.0,default,,404,,tls1.3,https://fluency.lat/api/benchmark/db-cycle,kind=db_write,
http_req_connecting,1785955465,0.000000,,,1404,false,,POST,https://fluency.lat/api/benchmark/db-cycle,HTTP/2.0,default,,404,,tls1.3,https://fluency.lat/api/benchmark/db-cycle,kind=db_write,
http_req_tls_handshaking,1785955465,0.000000,,,1404,false,,POST,https://fluency.lat/api/benchmark/db-cycle,HTTP/2.0,default,,404,,tls1.3,https://fluency.lat/api/benchmark/db-cycle,kind=db_write,
http_req_sending,1785955465,0.040090,,,1404,false,,POST,https://fluency.lat/api/benchmark/db-cycle,HTTP/2.0,default,,404,,tls1.3,https://fluency.lat/api/benchmark/db-cycle,kind=db_write,
http_req_waiting,1785955465,322.097804,,,1404,false,,POST,https://fluency.lat/api/benchmark/db-cycle,HTTP/2.0,default,,404,,tls1.3,https://fluency.lat/api/benchmark/db-cycle,kind=db_write,
http_req_receiving,1785955465,0.036900,,,1404,false,,POST,https://fluency.lat/api/benchmark/db-cycle,HTTP/2.0,default,,404,,tls1.3,https://fluency.lat/api/benchmark/db-cycle,kind=db_write,
http_req_failed,1785955465,1.000000,,,1404,false,,POST,https://fluency.lat/api/benchmark/db-cycle,HTTP/2.0,default,,404,,tls1.3,https://fluency.lat/api/benchmark/db-cycle,kind=db_write,
db_duration,1785955465,322.174794,,,,,,,,,default,,,,,,,
checks,1785955465,0.000000,db 200,,,,,,,,default,,,,,,,
overflow_responses,1785955465,1.000000,,,,,,,,,default,,,,,,,
data_sent,1785955465,90.000000,,,,,,,,,default,,,,,,,
data_received,1785955465,319.000000,,,,,,,,,default,,,,,,,
iteration_duration,1785955465,322.284664,,,,,,,,,default,,,,,,,
iterations,1785955465,1.000000,,,,,,,,,default,,,,,,,
http_reqs,1785955465,1.000000,,,1404,false,,POST,https://fluency.lat/api/benchmark/db-cycle,HTTP/2.0,default,,404,,tls1.3,https://fluency.lat/api/benchmark/db-cycle,kind=db_write,
http_req_duration,1785955465,321.614205,,,1404,false,,POST,https://fluency.lat/api/benchmark/db-cycle,HTTP/2.0,default,,404,,tls1.3,https://fluency.lat/api/benchmark/db-cycle,kind=db_write,
http_req_blocked,1785955465,0.000250,,,1404,false,,POST,https://fluency.lat/api/benchmark/db-cycle,HTTP/2.0,default,,404,,tls1.3,https://fluency.lat/api/benchmark/db-cycle,kind=db_write,
http_req_connecting,1785955465,0.000000,,,1404,false,,POST,https://fluency.lat/api/benchmark/db-cycle,HTTP/2.0,default,,404,,tls1.3,https://fluency.lat/api/benchmark/db-cycle,kind=db_write,
http_req_tls_handshaking,1785955465,0.000000,,,1404,false,,POST,https://fluency.lat/api/benchmark/db-cycle,HTTP/2.0,default,,404,,tls1.3,https://fluency.lat/api/benchmark/db-cycle,kind=db_write,
http_req_sending,1785955465,0.034370,,,1404,false,,POST,https://fluency.lat/api/benchmark/db-cycle,HTTP/2.0,default,,404,,tls1.3,https://fluency.lat/api/benchmark/db-cycle,kind=db_write,
http_req_waiting,1785955465,321.557405,,,1404,false,,POST,https://fluency.lat/api/benchmark/db-cycle,HTTP/2.0,default,,404,,tls1.3,https://fluency.lat/api/benchmark/db-cycle,kind=db_write,
http_req_receiving,1785955465,0.022430,,,1404,false,,POST,https://fluency.lat/api/benchmark/db-cycle,HTTP/2.0,default,,404,,tls1.3,https://fluency.lat/api/benchmark/db-cycle,kind=db_write,
http_req_failed,1785955465,1.000000,,,1404,false,,POST,https://fluency.lat/api/benchmark/db-cycle,HTTP/2.0,default,,404,,tls1.3,https://fluency.lat/api/benchmark/db-cycle,kind=db_write,
db_duration,1785955465,321.614205,,,,,,,,,default,,,,,,,
checks,1785955465,0.000000,db 200,,,,,,,,default,,,,,,,
overflow_responses,1785955465,1.000000,,,,,,,,,default,,,,,,,
data_sent,1785955465,90.000000,,,,,,,,,default,,,,,,,
data_received,1785955465,346.000000,,,,,,,,,default,,,,,,,
iteration_duration,1785955465,321.711585,,,,,,,,,default,,,,,,,
iterations,1785955465,1.000000,,,,,,,,,default,,,,,,,
http_reqs,1785955465,1.000000,,,1404,false,,POST,https://fluency.lat/api/benchmark/db-cycle,HTTP/2.0,default,,404,,tls1.3,https://fluency.lat/api/benchmark/db-cycle,kind=db_write,
http_req_duration,1785955465,322.240044,,,1404,false,,POST,https://fluency.lat/api/benchmark/db-cycle,HTTP/2.0,default,,404,,tls1.3,https://fluency.lat/api/benchmark/db-cycle,kind=db_write,
http_req_blocked,1785955465,0.000200,,,1404,false,,POST,https://fluency.lat/api/benchmark/db-cycle,HTTP/2.0,default,,404,,tls1.3,https://fluency.lat/api/benchmark/db-cycle,kind=db_write,
http_req_connecting,1785955465,0.000000,,,1404,false,,POST,https://fluency.lat/api/benchmark/db-cycle,HTTP/2.0,default,,404,,tls1.3,https://fluency.lat/api/benchmark/db-cycle,kind=db_write,
http_req_tls_handshaking,1785955465,0.000000,,,1404,false,,POST,https://fluency.lat/api/benchmark/db-cycle,HTTP/2.0,default,,404,,tls1.3,https://fluency.lat/api/benchmark/db-cycle,kind=db_write,
http_req_sending,1785955465,0.038800,,,1404,false,,POST,https://fluency.lat/api/benchmark/db-cycle,HTTP/2.0,default,,404,,tls1.3,https://fluency.lat/api/benchmark/db-cycle,kind=db_write,
http_req_waiting,1785955465,322.182954,,,1404,false,,POST,https://fluency.lat/api/benchmark/db-cycle,HTTP/2.0,default,,404,,tls1.3,https://fluency.lat/api/benchmark/db-cycle,kind=db_write,
http_req_receiving,1785955465,0.018290,,,1404,false,,POST,https://fluency.lat/api/benchmark/db-cycle,HTTP/2.0,default,,404,,tls1.3,https://fluency.lat/api/benchmark/db-cycle,kind=db_write,
http_req_failed,1785955465,1.000000,,,1404,false,,POST,https://fluency.lat/api/benchmark/db-cycle,HTTP/2.0,default,,404,,tls1.3,https://fluency.lat/api/benchmark/db-cycle,kind=db_write,
db_duration,1785955465,322.240044,,,,,,,,,default,,,,,,,
checks,1785955465,0.000000,db 200,,,,,,,,default,,,,,,,
overflow_responses,1785955465,1.000000,,,,,,,,,default,,,,,,,
data_sent,1785955465,90.000000,,,,,,,,,default,,,,,,,
data_received,1785955465,341.000000,,,,,,,,,default,,,,,,,
iteration_duration,1785955465,322.304414,,,,,,,,,default,,,,,,,
iterations,1785955465,1.000000,,,,,,,,,default,,,,,,,
http_reqs,1785955465,1.000000,,,1404,false,,POST,https://fluency.lat/api/benchmark/db-cycle,HTTP/2.0,default,,404,,tls1.3,https://fluency.lat/api/benchmark/db-cycle,kind=db_write,
http_req_duration,1785955465,323.862203,,,1404,false,,POST,https://fluency.lat/api/benchmark/db-cycle,HTTP/2.0,default,,404,,tls1.3,https://fluency.lat/api/benchmark/db-cycle,kind=db_write,
http_req_blocked,1785955465,0.000210,,,1404,false,,POST,https://fluency.lat/api/benchmark/db-cycle,HTTP/2.0,default,,404,,tls1.3,https://fluency.lat/api/benchmark/db-cycle,kind=db_write,
http_req_connecting,1785955465,0.000000,,,1404,false,,POST,https://fluency.lat/api/benchmark/db-cycle,HTTP/2.0,default,,404,,tls1.3,https://fluency.lat/api/benchmark/db-cycle,kind=db_write,
http_req_tls_handshaking,1785955465,0.000000,,,1404,false,,POST,https://fluency.lat/api/benchmark/db-cycle,HTTP/2.0,default,,404,,tls1.3,https://fluency.lat/api/benchmark/db-cycle,kind=db_write,
http_req_sending,1785955465,0.028870,,,1404,false,,POST,https://fluency.lat/api/benchmark/db-cycle,HTTP/2.0,default,,404,,tls1.3,https://fluency.lat/api/benchmark/db-cycle,kind=db_write,
http_req_waiting,1785955465,323.808633,,,1404,false,,POST,https://fluency.lat/api/benchmark/db-cycle,HTTP/2.0,default,,404,,tls1.3,https://fluency.lat/api/benchmark/db-cycle,kind=db_write,
http_req_receiving,1785955465,0.024700,,,1404,false,,POST,https://fluency.lat/api/benchmark/db-cycle,HTTP/2.0,default,,404,,tls1.3,https://fluency.lat/api/benchmark/db-cycle,kind=db_write,
http_req_failed,1785955465,1.000000,,,1404,false,,POST,https://fluency.lat/api/benchmark/db-cycle,HTTP/2.0,default,,404,,tls1.3,https://fluency.lat/api/benchmark/db-cycle,kind=db_write,
db_duration,1785955465,323.862203,,,,,,,,,default,,,,,,,
checks,1785955465,0.000000,db 200,,,,,,,,default,,,,,,,
overflow_responses,1785955465,1.000000,,,,,,,,,default,,,,,,,
data_sent,1785955465,90.000000,,,,,,,,,default,,,,,,,
data_received,1785955465,349.000000,,,,,,,,,default,,,,,,,
iteration_duration,1785955465,323.927823,,,,,,,,,default,,,,,,,
iterations,1785955465,1.000000,,,,,,,,,default,,,,,,,
vus,1785955465,5.000000,,,,,,,,,,,,,,,,
vus_max,1785955465,50.000000,,,,,,,,,,,,,,,,
http_reqs,1785955466,1.000000,,,1404,false,,POST,https://fluency.lat/api/benchmark/db-cycle,HTTP/2.0,default,,404,,tls1.3,https://fluency.lat/api/benchmark/db-cycle,kind=db_write,
http_req_duration,1785955466,325.282591,,,1404,false,,POST,https://fluency.lat/api/benchmark/db-cycle,HTTP/2.0,default,,404,,tls1.3,https://fluency.lat/api/benchmark/db-cycle,kind=db_write,
http_req_blocked,1785955466,0.000190,,,1404,false,,POST,https://fluency.lat/api/benchmark/db-cycle,HTTP/2.0,default,,404,,tls1.3,https://fluency.lat/api/benchmark/db-cycle,kind=db_write,
http_req_connecting,1785955466,0.000000,,,1404,false,,POST,https://fluency.lat/api/benchmark/db-cycle,HTTP/2.0,default,,404,,tls1.3,https://fluency.lat/api/benchmark/db-cycle,kind=db_write,
http_req_tls_handshaking,1785955466,0.000000,,,1404,false,,POST,https://fluency.lat/api/benchmark/db-cycle,HTTP/2.0,default,,404,,tls1.3,https://fluency.lat/api/benchmark/db-cycle,kind=db_write,
http_req_sending,1785955466,0.029480,,,1404,false,,POST,https://fluency.lat/api/benchmark/db-cycle,HTTP/2.0,default,,404,,tls1.3,https://fluency.lat/api/benchmark/db-cycle,kind=db_write,
http_req_waiting,1785955466,325.215472,,,1404,false,,POST,https://fluency.lat/api/benchmark/db-cycle,HTTP/2.0,default,,404,,tls1.3,https://fluency.lat/api/benchmark/db-cycle,kind=db_write,
http_req_receiving,1785955466,0.037639,,,1404,false,,POST,https://fluency.lat/api/benchmark/db-cycle,HTTP/2.0,default,,404,,tls1.3,https://fluency.lat/api/benchmark/db-cycle,kind=db_write,
http_req_failed,1785955466,1.000000,,,1404,false,,POST,https://fluency.lat/api/benchmark/db-cycle,HTTP/2.0,default,,404,,tls1.3,https://fluency.lat/api/benchmark/db-cycle,kind=db_write,
db_duration,1785955466,325.282591,,,,,,,,,default,,,,,,,
checks,1785955466,0.000000,db 200,,,,,,,,default,,,,,,,
overflow_responses,1785955466,1.000000,,,,,,,,,default,,,,,,,
data_sent,1785955466,90.000000,,,,,,,,,default,,,,,,,
data_received,1785955466,367.000000,,,,,,,,,default,,,,,,,
iteration_duration,1785955466,325.382111,,,,,,,,,default,,,,,,,
iterations,1785955466,1.000000,,,,,,,,,default,,,,,,,
http_reqs,1785955466,1.000000,,,1404,false,,POST,https://fluency.lat/api/benchmark/db-cycle,HTTP/2.0,default,,404,,tls1.3,https://fluency.lat/api/benchmark/db-cycle,kind=db_write,
http_req_duration,1785955466,322.184116,,,1404,false,,POST,https://fluency.lat/api/benchmark/db-cycle,HTTP/2.0,default,,404,,tls1.3,https://fluency.lat/api/benchmark/db-cycle,kind=db_write,
http_req_blocked,1785955466,0.000230,,,1404,false,,POST,https://fluency.lat/api/benchmark/db-cycle,HTTP/2.0,default,,404,,tls1.3,https://fluency.lat/api/benchmark/db-cycle,kind=db_write,
http_req_connecting,1785955466,0.000000,,,1404,false,,POST,https://fluency.lat/api/benchmark/db-cycle,HTTP/2.0,default,,404,,tls1.3,https://fluency.lat/api/benchmark/db-cycle,kind=db_write,
http_req_tls_handshaking,1785955466,0.000000,,,1404,false,,POST,https://fluency.lat/api/benchmark/db-cycle,HTTP/2.0,default,,404,,tls1.3,https://fluency.lat/api/benchmark/db-cycle,kind=db_write,
http_req_sending,1785955466,0.051230,,,1404,false,,POST,https://fluency.lat/api/benchmark/db-cycle,HTTP/2.0,default,,404,,tls1.3,https://fluency.lat/api/benchmark/db-cycle,kind=db_write,
http_req_waiting,1785955466,321.959297,,,1404,false,,POST,https://fluency.lat/api/benchmark/db-cycle,HTTP/2.0,default,,404,,tls1.3,https://fluency.lat/api/benchmark/db-cycle,kind=db_write,
http_req_receiving,1785955466,0.173589,,,1404,false,,POST,https://fluency.lat/api/benchmark/db-cycle,HTTP/2.0,default,,404,,tls1.3,https://fluency.lat/api/benchmark/db-cycle,kind=db_write,
http_req_failed,1785955466,1.000000,,,1404,false,,POST,https://fluency.lat/api/benchmark/db-cycle,HTTP/2.0,default,,404,,tls1.3,https://fluency.lat/api/benchmark/db-cycle,kind=db_write,
db_duration,1785955466,322.184116,,,,,,,,,default,,,,,,,
checks,1785955466,0.000000,db 200,,,,,,,,default,,,,,,,
overflow_responses,1785955466,1.000000,,,,,,,,,default,,,,,,,
data_sent,1785955466,90.000000,,,,,,,,,default,,,,,,,
data_received,1785955466,588.000000,,,,,,,,,default,,,,,,,
iteration_duration,1785955466,322.286026,,,,,,,,,default,,,,,,,
iterations,1785955466,1.000000,,,,,,,,,default,,,,,,,
http_reqs,1785955466,1.000000,,,1404,false,,POST,https://fluency.lat/api/benchmark/db-cycle,HTTP/2.0,default,,404,,tls1.3,https://fluency.lat/api/benchmark/db-cycle,kind=db_write,
http_req_duration,1785955466,323.753624,,,1404,false,,POST,https://fluency.lat/api/benchmark/db-cycle,HTTP/2.0,default,,404,,tls1.3,https://fluency.lat/api/benchmark/db-cycle,kind=db_write,
http_req_blocked,1785955466,0.000210,,,1404,false,,POST,https://fluency.lat/api/benchmark/db-cycle,HTTP/2.0,default,,404,,tls1.3,https://fluency.lat/api/benchmark/db-cycle,kind=db_write,
http_req_connecting,1785955466,0.000000,,,1404,false,,POST,https://fluency.lat/api/benchmark/db-cycle,HTTP/2.0,default,,404,,tls1.3,https://fluency.lat/api/benchmark/db-cycle,kind=db_write,
http_req_tls_handshaking,1785955466,0.000000,,,1404,false,,POST,https://fluency.lat/api/benchmark/db-cycle,HTTP/2.0,default,,404,,tls1.3,https://fluency.lat/api/benchmark/db-cycle,kind=db_write,
http_req_sending,1785955466,0.036700,,,1404,false,,POST,https://fluency.lat/api/benchmark/db-cycle,HTTP/2.0,default,,404,,tls1.3,https://fluency.lat/api/benchmark/db-cycle,kind=db_write,
http_req_waiting,1785955466,323.688974,,,1404,false,,POST,https://fluency.lat/api/benchmark/db-cycle,HTTP/2.0,default,,404,,tls1.3,https://fluency.lat/api/benchmark/db-cycle,kind=db_write,
http_req_receiving,1785955466,0.027950,,,1404,false,,POST,https://fluency.lat/api/benchmark/db-cycle,HTTP/2.0,default,,404,,tls1.3,https://fluency.lat/api/benchmark/db-cycle,kind=db_write,
http_req_failed,1785955466,1.000000,,,1404,false,,POST,https://fluency.lat/api/benchmark/db-cycle,HTTP/2.0,default,,404,,tls1.3,https://fluency.lat/api/benchmark/db-cycle,kind=db_write,
db_duration,1785955466,323.753624,,,,,,,,,default,,,,,,,
checks,1785955466,0.000000,db 200,,,,,,,,default,,,,,,,
overflow_responses,1785955466,1.000000,,,,,,,,,default,,,,,,,
data_sent,1785955466,90.000000,,,,,,,,,default,,,,,,,
data_received,1785955466,586.000000,,,,,,,,,default,,,,,,,
iteration_duration,1785955466,323.839013,,,,,,,,,default,,,,,,,
iterations,1785955466,1.000000,,,,,,,,,default,,,,,,,
http_reqs,1785955466,1.000000,,,1404,false,,POST,https://fluency.lat/api/benchmark/db-cycle,HTTP/2.0,default,,404,,tls1.3,https://fluency.lat/api/benchmark/db-cycle,kind=db_write,
http_req_duration,1785955466,322.976415,,,1404,false,,POST,https://fluency.lat/api/benchmark/db-cycle,HTTP/2.0,default,,404,,tls1.3,https://fluency.lat/api/benchmark/db-cycle,kind=db_write,
http_req_blocked,1785955466,0.000210,,,1404,false,,POST,https://fluency.lat/api/benchmark/db-cycle,HTTP/2.0,default,,404,,tls1.3,https://fluency.lat/api/benchmark/db-cycle,kind=db_write,
http_req_connecting,1785955466,0.000000,,,1404,false,,POST,https://fluency.lat/api/benchmark/db-cycle,HTTP/2.0,default,,404,,tls1.3,https://fluency.lat/api/benchmark/db-cycle,kind=db_write,
http_req_tls_handshaking,1785955466,0.000000,,,1404,false,,POST,https://fluency.lat/api/benchmark/db-cycle,HTTP/2.0,default,,404,,tls1.3,https://fluency.lat/api/benchmark/db-cycle,kind=db_write,
http_req_sending,1785955466,0.028980,,,1404,false,,POST,https://fluency.lat/api/benchmark/db-cycle,HTTP/2.0,default,,404,,tls1.3,https://fluency.lat/api/benchmark/db-cycle,kind=db_write,
http_req_waiting,1785955466,322.916525,,,1404,false,,POST,https://fluency.lat/api/benchmark/db-cycle,HTTP/2.0,default,,404,,tls1.3,https://fluency.lat/api/benchmark/db-cycle,kind=db_write,
http_req_receiving,1785955466,0.030910,,,1404,false,,POST,https://fluency.lat/api/benchmark/db-cycle,HTTP/2.0,default,,404,,tls1.3,https://fluency.lat/api/benchmark/db-cycle,kind=db_write,
http_req_failed,1785955466,1.000000,,,1404,false,,POST,https://fluency.lat/api/benchmark/db-cycle,HTTP/2.0,default,,404,,tls1.3,https://fluency.lat/api/benchmark/db-cycle,kind=db_write,
db_duration,1785955466,322.976415,,,,,,,,,default,,,,,,,
checks,1785955466,0.000000,db 200,,,,,,,,default,,,,,,,
overflow_responses,1785955466,1.000000,,,,,,,,,default,,,,,,,
data_sent,1785955466,90.000000,,,,,,,,,default,,,,,,,
data_received,1785955466,375.000000,,,,,,,,,default,,,,,,,
iteration_duration,1785955466,323.046225,,,,,,,,,default,,,,,,,
iterations,1785955466,1.000000,,,,,,,,,default,,,,,,,
http_reqs,1785955466,1.000000,,,1404,false,,POST,https://fluency.lat/api/benchmark/db-cycle,HTTP/2.0,default,,404,,tls1.3,https://fluency.lat/api/benchmark/db-cycle,kind=db_write,
http_req_duration,1785955466,320.275109,,,1404,false,,POST,https://fluency.lat/api/benchmark/db-cycle,HTTP/2.0,default,,404,,tls1.3,https://fluency.lat/api/benchmark/db-cycle,kind=db_write,
http_req_blocked,1785955466,0.000230,,,1404,false,,POST,https://fluency.lat/api/benchmark/db-cycle,HTTP/2.0,default,,404,,tls1.3,https://fluency.lat/api/benchmark/db-cycle,kind=db_write,
http_req_connecting,1785955466,0.000000,,,1404,false,,POST,https://fluency.lat/api/benchmark/db-cycle,HTTP/2.0,default,,404,,tls1.3,https://fluency.lat/api/benchmark/db-cycle,kind=db_write,
http_req_tls_handshaking,1785955466,0.000000,,,1404,false,,POST,https://fluency.lat/api/benchmark/db-cycle,HTTP/2.0,default,,404,,tls1.3,https://fluency.lat/api/benchmark/db-cycle,kind=db_write,
http_req_sending,1785955466,0.033650,,,1404,false,,POST,https://fluency.lat/api/benchmark/db-cycle,HTTP/2.0,default,,404,,tls1.3,https://fluency.lat/api/benchmark/db-cycle,kind=db_write,
http_req_waiting,1785955466,320.210989,,,1404,false,,POST,https://fluency.lat/api/benchmark/db-cycle,HTTP/2.0,default,,404,,tls1.3,https://fluency.lat/api/benchmark/db-cycle,kind=db_write,
http_req_receiving,1785955466,0.030470,,,1404,false,,POST,https://fluency.lat/api/benchmark/db-cycle,HTTP/2.0,default,,404,,tls1.3,https://fluency.lat/api/benchmark/db-cycle,kind=db_write,
http_req_failed,1785955466,1.000000,,,1404,false,,POST,https://fluency.lat/api/benchmark/db-cycle,HTTP/2.0,default,,404,,tls1.3,https://fluency.lat/api/benchmark/db-cycle,kind=db_write,
db_duration,1785955466,320.275109,,,,,,,,,default,,,,,,,
checks,1785955466,0.000000,db 200,,,,,,,,default,,,,,,,
overflow_responses,1785955466,1.000000,,,,,,,,,default,,,,,,,
data_sent,1785955466,90.000000,,,,,,,,,default,,,,,,,
data_received,1785955466,367.000000,,,,,,,,,default,,,,,,,
iteration_duration,1785955466,320.349358,,,,,,,,,default,,,,,,,
iterations,1785955466,1.000000,,,,,,,,,default,,,,,,,
http_reqs,1785955466,1.000000,,,1404,false,,POST,https://fluency.lat/api/benchmark/db-cycle,HTTP/2.0,default,,404,,tls1.3,https://fluency.lat/api/benchmark/db-cycle,kind=db_write,
http_req_duration,1785955466,326.780390,,,1404,false,,POST,https://fluency.lat/api/benchmark/db-cycle,HTTP/2.0,default,,404,,tls1.3,https://fluency.lat/api/benchmark/db-cycle,kind=db_write,
http_req_blocked,1785955466,0.000240,,,1404,false,,POST,https://fluency.lat/api/benchmark/db-cycle,HTTP/2.0,default,,404,,tls1.3,https://fluency.lat/api/benchmark/db-cycle,kind=db_write,
http_req_connecting,1785955466,0.000000,,,1404,false,,POST,https://fluency.lat/api/benchmark/db-cycle,HTTP/2.0,default,,404,,tls1.3,https://fluency.lat/api/benchmark/db-cycle,kind=db_write,
http_req_tls_handshaking,1785955466,0.000000,,,1404,false,,POST,https://fluency.lat/api/benchmark/db-cycle,HTTP/2.0,default,,404,,tls1.3,https://fluency.lat/api/benchmark/db-cycle,kind=db_write,
http_req_sending,1785955466,0.050860,,,1404,false,,POST,https://fluency.lat/api/benchmark/db-cycle,HTTP/2.0,default,,404,,tls1.3,https://fluency.lat/api/benchmark/db-cycle,kind=db_write,
http_req_waiting,1785955466,326.510950,,,1404,false,,POST,https://fluency.lat/api/benchmark/db-cycle,HTTP/2.0,default,,404,,tls1.3,https://fluency.lat/api/benchmark/db-cycle,kind=db_write,
http_req_receiving,1785955466,0.218580,,,1404,false,,POST,https://fluency.lat/api/benchmark/db-cycle,HTTP/2.0,default,,404,,tls1.3,https://fluency.lat/api/benchmark/db-cycle,kind=db_write,
http_req_failed,1785955466,1.000000,,,1404,false,,POST,https://fluency.lat/api/benchmark/db-cycle,HTTP/2.0,default,,404,,tls1.3,https://fluency.lat/api/benchmark/db-cycle,kind=db_write,
db_duration,1785955466,326.780390,,,,,,,,,default,,,,,,,
checks,1785955466,0.000000,db 200,,,,,,,,default,,,,,,,
overflow_responses,1785955466,1.000000,,,,,,,,,default,,,,,,,
data_sent,1785955466,90.000000,,,,,,,,,default,,,,,,,
data_received,1785955466,349.000000,,,,,,,,,default,,,,,,,
iteration_duration,1785955466,326.863100,,,,,,,,,default,,,,,,,
iterations,1785955466,1.000000,,,,,,,,,default,,,,,,,
http_reqs,1785955466,1.000000,,,1404,false,,POST,https://fluency.lat/api/benchmark/db-cycle,HTTP/2.0,default,,404,,tls1.3,https://fluency.lat/api/benchmark/db-cycle,kind=db_write,
http_req_duration,1785955466,323.411805,,,1404,false,,POST,https://fluency.lat/api/benchmark/db-cycle,HTTP/2.0,default,,404,,tls1.3,https://fluency.lat/api/benchmark/db-cycle,kind=db_write,
http_req_blocked,1785955466,0.000250,,,1404,false,,POST,https://fluency.lat/api/benchmark/db-cycle,HTTP/2.0,default,,404,,tls1.3,https://fluency.lat/api/benchmark/db-cycle,kind=db_write,
http_req_connecting,1785955466,0.000000,,,1404,false,,POST,https://fluency.lat/api/benchmark/db-cycle,HTTP/2.0,default,,404,,tls1.3,https://fluency.lat/api/benchmark/db-cycle,kind=db_write,
http_req_tls_handshaking,1785955466,0.000000,,,1404,false,,POST,https://fluency.lat/api/benchmark/db-cycle,HTTP/2.0,default,,404,,tls1.3,https://fluency.lat/api/benchmark/db-cycle,kind=db_write,
http_req_sending,1785955466,0.043270,,,1404,false,,POST,https://fluency.lat/api/benchmark/db-cycle,HTTP/2.0,default,,404,,tls1.3,https://fluency.lat/api/benchmark/db-cycle,kind=db_write,
http_req_waiting,1785955466,323.342985,,,1404,false,,POST,https://fluency.lat/api/benchmark/db-cycle,HTTP/2.0,default,,404,,tls1.3,https://fluency.lat/api/benchmark/db-cycle,kind=db_write,
http_req_receiving,1785955466,0.025550,,,1404,false,,POST,https://fluency.lat/api/benchmark/db-cycle,HTTP/2.0,default,,404,,tls1.3,https://fluency.lat/api/benchmark/db-cycle,kind=db_write,
http_req_failed,1785955466,1.000000,,,1404,false,,POST,https://fluency.lat/api/benchmark/db-cycle,HTTP/2.0,default,,404,,tls1.3,https://fluency.lat/api/benchmark/db-cycle,kind=db_write,
db_duration,1785955466,323.411805,,,,,,,,,default,,,,,,,
checks,1785955466,0.000000,db 200,,,,,,,,default,,,,,,,
overflow_responses,1785955466,1.000000,,,,,,,,,default,,,,,,,
data_sent,1785955466,90.000000,,,,,,,,,default,,,,,,,
data_received,1785955466,348.000000,,,,,,,,,default,,,,,,,
iteration_duration,1785955466,323.489845,,,,,,,,,default,,,,,,,
iterations,1785955466,1.000000,,,,,,,,,default,,,,,,,
http_reqs,1785955466,1.000000,,,1404,false,,POST,https://fluency.lat/api/benchmark/db-cycle,HTTP/2.0,default,,404,,tls1.3,https://fluency.lat/api/benchmark/db-cycle,kind=db_write,
http_req_duration,1785955466,323.873985,,,1404,false,,POST,https://fluency.lat/api/benchmark/db-cycle,HTTP/2.0,default,,404,,tls1.3,https://fluency.lat/api/benchmark/db-cycle,kind=db_write,
http_req_blocked,1785955466,0.000240,,,1404,false,,POST,https://fluency.lat/api/benchmark/db-cycle,HTTP/2.0,default,,404,,tls1.3,https://fluency.lat/api/benchmark/db-cycle,kind=db_write,
http_req_connecting,1785955466,0.000000,,,1404,false,,POST,https://fluency.lat/api/benchmark/db-cycle,HTTP/2.0,default,,404,,tls1.3,https://fluency.lat/api/benchmark/db-cycle,kind=db_write,
http_req_tls_handshaking,1785955466,0.000000,,,1404,false,,POST,https://fluency.lat/api/benchmark/db-cycle,HTTP/2.0,default,,404,,tls1.3,https://fluency.lat/api/benchmark/db-cycle,kind=db_write,
http_req_sending,1785955466,0.055200,,,1404,false,,POST,https://fluency.lat/api/benchmark/db-cycle,HTTP/2.0,default,,404,,tls1.3,https://fluency.lat/api/benchmark/db-cycle,kind=db_write,
http_req_waiting,1785955466,323.795285,,,1404,false,,POST,https://fluency.lat/api/benchmark/db-cycle,HTTP/2.0,default,,404,,tls1.3,https://fluency.lat/api/benchmark/db-cycle,kind=db_write,
http_req_receiving,1785955466,0.023500,,,1404,false,,POST,https://fluency.lat/api/benchmark/db-cycle,HTTP/2.0,default,,404,,tls1.3,https://fluency.lat/api/benchmark/db-cycle,kind=db_write,
http_req_failed,1785955466,1.000000,,,1404,false,,POST,https://fluency.lat/api/benchmark/db-cycle,HTTP/2.0,default,,404,,tls1.3,https://fluency.lat/api/benchmark/db-cycle,kind=db_write,
db_duration,1785955466,323.873985,,,,,,,,,default,,,,,,,
checks,1785955466,0.000000,db 200,,,,,,,,default,,,,,,,
overflow_responses,1785955466,1.000000,,,,,,,,,default,,,,,,,
data_sent,1785955466,90.000000,,,,,,,,,default,,,,,,,
data_received,1785955466,317.000000,,,,,,,,,default,,,,,,,
iteration_duration,1785955466,323.943364,,,,,,,,,default,,,,,,,
iterations,1785955466,1.000000,,,,,,,,,default,,,,,,,
http_reqs,1785955466,1.000000,,,1404,false,,POST,https://fluency.lat/api/benchmark/db-cycle,HTTP/2.0,default,,404,,tls1.3,https://fluency.lat/api/benchmark/db-cycle,kind=db_write,
http_req_duration,1785955466,324.503753,,,1404,false,,POST,https://fluency.lat/api/benchmark/db-cycle,HTTP/2.0,default,,404,,tls1.3,https://fluency.lat/api/benchmark/db-cycle,kind=db_write,
http_req_blocked,1785955466,0.000220,,,1404,false,,POST,https://fluency.lat/api/benchmark/db-cycle,HTTP/2.0,default,,404,,tls1.3,https://fluency.lat/api/benchmark/db-cycle,kind=db_write,
http_req_connecting,1785955466,0.000000,,,1404,false,,POST,https://fluency.lat/api/benchmark/db-cycle,HTTP/2.0,default,,404,,tls1.3,https://fluency.lat/api/benchmark/db-cycle,kind=db_write,
http_req_tls_handshaking,1785955466,0.000000,,,1404,false,,POST,https://fluency.lat/api/benchmark/db-cycle,HTTP/2.0,default,,404,,tls1.3,https://fluency.lat/api/benchmark/db-cycle,kind=db_write,
http_req_sending,1785955466,0.035580,,,1404,false,,POST,https://fluency.lat/api/benchmark/db-cycle,HTTP/2.0,default,,404,,tls1.3,https://fluency.lat/api/benchmark/db-cycle,kind=db_write,
http_req_waiting,1785955466,324.275244,,,1404,false,,POST,https://fluency.lat/api/benchmark/db-cycle,HTTP/2.0,default,,404,,tls1.3,https://fluency.lat/api/benchmark/db-cycle,kind=db_write,
http_req_receiving,1785955466,0.192929,,,1404,false,,POST,https://fluency.lat/api/benchmark/db-cycle,HTTP/2.0,default,,404,,tls1.3,https://fluency.lat/api/benchmark/db-cycle,kind=db_write,
http_req_failed,1785955466,1.000000,,,1404,false,,POST,https://fluency.lat/api/benchmark/db-cycle,HTTP/2.0,default,,404,,tls1.3,https://fluency.lat/api/benchmark/db-cycle,kind=db_write,
db_duration,1785955466,324.503753,,,,,,,,,default,,,,,,,
checks,1785955466,0.000000,db 200,,,,,,,,default,,,,,,,
overflow_responses,1785955466,1.000000,,,,,,,,,default,,,,,,,
data_sent,1785955466,90.000000,,,,,,,,,default,,,,,,,
data_received,1785955466,349.000000,,,,,,,,,default,,,,,,,
iteration_duration,1785955466,324.583223,,,,,,,,,default,,,,,,,
iterations,1785955466,1.000000,,,,,,,,,default,,,,,,,
http_reqs,1785955466,1.000000,,,1404,false,,POST,https://fluency.lat/api/benchmark/db-cycle,HTTP/2.0,default,,404,,tls1.3,https://fluency.lat/api/benchmark/db-cycle,kind=db_write,
http_req_duration,1785955466,321.576928,,,1404,false,,POST,https://fluency.lat/api/benchmark/db-cycle,HTTP/2.0,default,,404,,tls1.3,https://fluency.lat/api/benchmark/db-cycle,kind=db_write,
http_req_blocked,1785955466,0.000220,,,1404,false,,POST,https://fluency.lat/api/benchmark/db-cycle,HTTP/2.0,default,,404,,tls1.3,https://fluency.lat/api/benchmark/db-cycle,kind=db_write,
http_req_connecting,1785955466,0.000000,,,1404,false,,POST,https://fluency.lat/api/benchmark/db-cycle,HTTP/2.0,default,,404,,tls1.3,https://fluency.lat/api/benchmark/db-cycle,kind=db_write,
http_req_tls_handshaking,1785955466,0.000000,,,1404,false,,POST,https://fluency.lat/api/benchmark/db-cycle,HTTP/2.0,default,,404,,tls1.3,https://fluency.lat/api/benchmark/db-cycle,kind=db_write,
http_req_sending,1785955466,0.033830,,,1404,false,,POST,https://fluency.lat/api/benchmark/db-cycle,HTTP/2.0,default,,404,,tls1.3,https://fluency.lat/api/benchmark/db-cycle,kind=db_write,
http_req_waiting,1785955466,321.526478,,,1404,false,,POST,https://fluency.lat/api/benchmark/db-cycle,HTTP/2.0,default,,404,,tls1.3,https://fluency.lat/api/benchmark/db-cycle,kind=db_write,
http_req_receiving,1785955466,0.016620,,,1404,false,,POST,https://fluency.lat/api/benchmark/db-cycle,HTTP/2.0,default,,404,,tls1.3,https://fluency.lat/api/benchmark/db-cycle,kind=db_write,
http_req_failed,1785955466,1.000000,,,1404,false,,POST,https://fluency.lat/api/benchmark/db-cycle,HTTP/2.0,default,,404,,tls1.3,https://fluency.lat/api/benchmark/db-cycle,kind=db_write,
db_duration,1785955466,321.576928,,,,,,,,,default,,,,,,,
checks,1785955466,0.000000,db 200,,,,,,,,default,,,,,,,
overflow_responses,1785955466,1.000000,,,,,,,,,default,,,,,,,
data_sent,1785955466,90.000000,,,,,,,,,default,,,,,,,
data_received,1785955466,566.000000,,,,,,,,,default,,,,,,,
iteration_duration,1785955466,321.643937,,,,,,,,,default,,,,,,,
iterations,1785955466,1.000000,,,,,,,,,default,,,,,,,
http_reqs,1785955466,1.000000,,,1404,false,,POST,https://fluency.lat/api/benchmark/db-cycle,HTTP/2.0,default,,404,,tls1.3,https://fluency.lat/api/benchmark/db-cycle,kind=db_write,
http_req_duration,1785955466,319.018092,,,1404,false,,POST,https://fluency.lat/api/benchmark/db-cycle,HTTP/2.0,default,,404,,tls1.3,https://fluency.lat/api/benchmark/db-cycle,kind=db_write,
http_req_blocked,1785955466,0.000200,,,1404,false,,POST,https://fluency.lat/api/benchmark/db-cycle,HTTP/2.0,default,,404,,tls1.3,https://fluency.lat/api/benchmark/db-cycle,kind=db_write,
http_req_connecting,1785955466,0.000000,,,1404,false,,POST,https://fluency.lat/api/benchmark/db-cycle,HTTP/2.0,default,,404,,tls1.3,https://fluency.lat/api/benchmark/db-cycle,kind=db_write,
http_req_tls_handshaking,1785955466,0.000000,,,1404,false,,POST,https://fluency.lat/api/benchmark/db-cycle,HTTP/2.0,default,,404,,tls1.3,https://fluency.lat/api/benchmark/db-cycle,kind=db_write,
http_req_sending,1785955466,0.032740,,,1404,false,,POST,https://fluency.lat/api/benchmark/db-cycle,HTTP/2.0,default,,404,,tls1.3,https://fluency.lat/api/benchmark/db-cycle,kind=db_write,
http_req_waiting,1785955466,318.961472,,,1404,false,,POST,https://fluency.lat/api/benchmark/db-cycle,HTTP/2.0,default,,404,,tls1.3,https://fluency.lat/api/benchmark/db-cycle,kind=db_write,
http_req_receiving,1785955466,0.023880,,,1404,false,,POST,https://fluency.lat/api/benchmark/db-cycle,HTTP/2.0,default,,404,,tls1.3,https://fluency.lat/api/benchmark/db-cycle,kind=db_write,
http_req_failed,1785955466,1.000000,,,1404,false,,POST,https://fluency.lat/api/benchmark/db-cycle,HTTP/2.0,default,,404,,tls1.3,https://fluency.lat/api/benchmark/db-cycle,kind=db_write,
db_duration,1785955466,319.018092,,,,,,,,,default,,,,,,,
checks,1785955466,0.000000,db 200,,,,,,,,default,,,,,,,
overflow_responses,1785955466,1.000000,,,,,,,,,default,,,,,,,
data_sent,1785955466,90.000000,,,,,,,,,default,,,,,,,
data_received,1785955466,340.000000,,,,,,,,,default,,,,,,,
iteration_duration,1785955466,319.090892,,,,,,,,,default,,,,,,,
iterations,1785955466,1.000000,,,,,,,,,default,,,,,,,
http_reqs,1785955466,1.000000,,,1404,false,,POST,https://fluency.lat/api/benchmark/db-cycle,HTTP/2.0,default,,404,,tls1.3,https://fluency.lat/api/benchmark/db-cycle,kind=db_write,
http_req_duration,1785955466,327.155081,,,1404,false,,POST,https://fluency.lat/api/benchmark/db-cycle,HTTP/2.0,default,,404,,tls1.3,https://fluency.lat/api/benchmark/db-cycle,kind=db_write,
http_req_blocked,1785955466,0.000210,,,1404,false,,POST,https://fluency.lat/api/benchmark/db-cycle,HTTP/2.0,default,,404,,tls1.3,https://fluency.lat/api/benchmark/db-cycle,kind=db_write,
http_req_connecting,1785955466,0.000000,,,1404,false,,POST,https://fluency.lat/api/benchmark/db-cycle,HTTP/2.0,default,,404,,tls1.3,https://fluency.lat/api/benchmark/db-cycle,kind=db_write,
http_req_tls_handshaking,1785955466,0.000000,,,1404,false,,POST,https://fluency.lat/api/benchmark/db-cycle,HTTP/2.0,default,,404,,tls1.3,https://fluency.lat/api/benchmark/db-cycle,kind=db_write,
http_req_sending,1785955466,0.033510,,,1404,false,,POST,https://fluency.lat/api/benchmark/db-cycle,HTTP/2.0,default,,404,,tls1.3,https://fluency.lat/api/benchmark/db-cycle,kind=db_write,
http_req_waiting,1785955466,327.097821,,,1404,false,,POST,https://fluency.lat/api/benchmark/db-cycle,HTTP/2.0,default,,404,,tls1.3,https://fluency.lat/api/benchmark/db-cycle,kind=db_write,
http_req_receiving,1785955466,0.023750,,,1404,false,,POST,https://fluency.lat/api/benchmark/db-cycle,HTTP/2.0,default,,404,,tls1.3,https://fluency.lat/api/benchmark/db-cycle,kind=db_write,
http_req_failed,1785955466,1.000000,,,1404,false,,POST,https://fluency.lat/api/benchmark/db-cycle,HTTP/2.0,default,,404,,tls1.3,https://fluency.lat/api/benchmark/db-cycle,kind=db_write,
db_duration,1785955466,327.155081,,,,,,,,,default,,,,,,,
checks,1785955466,0.000000,db 200,,,,,,,,default,,,,,,,
overflow_responses,1785955466,1.000000,,,,,,,,,default,,,,,,,
data_sent,1785955466,90.000000,,,,,,,,,default,,,,,,,
data_received,1785955466,349.000000,,,,,,,,,default,,,,,,,
iteration_duration,1785955466,327.236781,,,,,,,,,default,,,,,,,
iterations,1785955466,1.000000,,,,,,,,,default,,,,,,,
http_reqs,1785955466,1.000000,,,1404,false,,POST,https://fluency.lat/api/benchmark/db-cycle,HTTP/2.0,default,,404,,tls1.3,https://fluency.lat/api/benchmark/db-cycle,kind=db_write,
http_req_duration,1785955466,322.425688,,,1404,false,,POST,https://fluency.lat/api/benchmark/db-cycle,HTTP/2.0,default,,404,,tls1.3,https://fluency.lat/api/benchmark/db-cycle,kind=db_write,
http_req_blocked,1785955466,0.000220,,,1404,false,,POST,https://fluency.lat/api/benchmark/db-cycle,HTTP/2.0,default,,404,,tls1.3,https://fluency.lat/api/benchmark/db-cycle,kind=db_write,
http_req_connecting,1785955466,0.000000,,,1404,false,,POST,https://fluency.lat/api/benchmark/db-cycle,HTTP/2.0,default,,404,,tls1.3,https://fluency.lat/api/benchmark/db-cycle,kind=db_write,
http_req_tls_handshaking,1785955466,0.000000,,,1404,false,,POST,https://fluency.lat/api/benchmark/db-cycle,HTTP/2.0,default,,404,,tls1.3,https://fluency.lat/api/benchmark/db-cycle,kind=db_write,
http_req_sending,1785955466,0.030830,,,1404,false,,POST,https://fluency.lat/api/benchmark/db-cycle,HTTP/2.0,default,,404,,tls1.3,https://fluency.lat/api/benchmark/db-cycle,kind=db_write,
http_req_waiting,1785955466,322.367408,,,1404,false,,POST,https://fluency.lat/api/benchmark/db-cycle,HTTP/2.0,default,,404,,tls1.3,https://fluency.lat/api/benchmark/db-cycle,kind=db_write,
http_req_receiving,1785955466,0.027450,,,1404,false,,POST,https://fluency.lat/api/benchmark/db-cycle,HTTP/2.0,default,,404,,tls1.3,https://fluency.lat/api/benchmark/db-cycle,kind=db_write,
http_req_failed,1785955466,1.000000,,,1404,false,,POST,https://fluency.lat/api/benchmark/db-cycle,HTTP/2.0,default,,404,,tls1.3,https://fluency.lat/api/benchmark/db-cycle,kind=db_write,
db_duration,1785955466,322.425688,,,,,,,,,default,,,,,,,
checks,1785955466,0.000000,db 200,,,,,,,,default,,,,,,,
overflow_responses,1785955466,1.000000,,,,,,,,,default,,,,,,,
data_sent,1785955466,90.000000,,,,,,,,,default,,,,,,,
data_received,1785955466,328.000000,,,,,,,,,default,,,,,,,
iteration_duration,1785955466,322.496728,,,,,,,,,default,,,,,,,
iterations,1785955466,1.000000,,,,,,,,,default,,,,,,,
http_reqs,1785955466,1.000000,,,1404,false,,POST,https://fluency.lat/api/benchmark/db-cycle,HTTP/2.0,default,,404,,tls1.3,https://fluency.lat/api/benchmark/db-cycle,kind=db_write,
http_req_duration,1785955466,324.049235,,,1404,false,,POST,https://fluency.lat/api/benchmark/db-cycle,HTTP/2.0,default,,404,,tls1.3,https://fluency.lat/api/benchmark/db-cycle,kind=db_write,
http_req_blocked,1785955466,0.000200,,,1404,false,,POST,https://fluency.lat/api/benchmark/db-cycle,HTTP/2.0,default,,404,,tls1.3,https://fluency.lat/api/benchmark/db-cycle,kind=db_write,
http_req_connecting,1785955466,0.000000,,,1404,false,,POST,https://fluency.lat/api/benchmark/db-cycle,HTTP/2.0,default,,404,,tls1.3,https://fluency.lat/api/benchmark/db-cycle,kind=db_write,
http_req_tls_handshaking,1785955466,0.000000,,,1404,false,,POST,https://fluency.lat/api/benchmark/db-cycle,HTTP/2.0,default,,404,,tls1.3,https://fluency.lat/api/benchmark/db-cycle,kind=db_write,
http_req_sending,1785955466,0.049830,,,1404,false,,POST,https://fluency.lat/api/benchmark/db-cycle,HTTP/2.0,default,,404,,tls1.3,https://fluency.lat/api/benchmark/db-cycle,kind=db_write,
http_req_waiting,1785955466,323.979815,,,1404,false,,POST,https://fluency.lat/api/benchmark/db-cycle,HTTP/2.0,default,,404,,tls1.3,https://fluency.lat/api/benchmark/db-cycle,kind=db_write,
http_req_receiving,1785955466,0.019590,,,1404,false,,POST,https://fluency.lat/api/benchmark/db-cycle,HTTP/2.0,default,,404,,tls1.3,https://fluency.lat/api/benchmark/db-cycle,kind=db_write,
http_req_failed,1785955466,1.000000,,,1404,false,,POST,https://fluency.lat/api/benchmark/db-cycle,HTTP/2.0,default,,404,,tls1.3,https://fluency.lat/api/benchmark/db-cycle,kind=db_write,
db_duration,1785955466,324.049235,,,,,,,,,default,,,,,,,
checks,1785955466,0.000000,db 200,,,,,,,,default,,,,,,,
overflow_responses,1785955466,1.000000,,,,,,,,,default,,,,,,,
data_sent,1785955466,90.000000,,,,,,,,,default,,,,,,,
data_received,1785955466,539.000000,,,,,,,,,default,,,,,,,
iteration_duration,1785955466,324.134945,,,,,,,,,default,,,,,,,
iterations,1785955466,1.000000,,,,,,,,,default,,,,,,,
http_reqs,1785955466,1.000000,,,1404,false,,POST,https://fluency.lat/api/benchmark/db-cycle,HTTP/2.0,default,,404,,tls1.3,https://fluency.lat/api/benchmark/db-cycle,kind=db_write,
http_req_duration,1785955466,324.362466,,,1404,false,,POST,https://fluency.lat/api/benchmark/db-cycle,HTTP/2.0,default,,404,,tls1.3,https://fluency.lat/api/benchmark/db-cycle,kind=db_write,
http_req_blocked,1785955466,0.000210,,,1404,false,,POST,https://fluency.lat/api/benchmark/db-cycle,HTTP/2.0,default,,404,,tls1.3,https://fluency.lat/api/benchmark/db-cycle,kind=db_write,
http_req_connecting,1785955466,0.000000,,,1404,false,,POST,https://fluency.lat/api/benchmark/db-cycle,HTTP/2.0,default,,404,,tls1.3,https://fluency.lat/api/benchmark/db-cycle,kind=db_write,
http_req_tls_handshaking,1785955466,0.000000,,,1404,false,,POST,https://fluency.lat/api/benchmark/db-cycle,HTTP/2.0,default,,404,,tls1.3,https://fluency.lat/api/benchmark/db-cycle,kind=db_write,
http_req_sending,1785955466,0.027990,,,1404,false,,POST,https://fluency.lat/api/benchmark/db-cycle,HTTP/2.0,default,,404,,tls1.3,https://fluency.lat/api/benchmark/db-cycle,kind=db_write,
http_req_waiting,1785955466,324.309226,,,1404,false,,POST,https://fluency.lat/api/benchmark/db-cycle,HTTP/2.0,default,,404,,tls1.3,https://fluency.lat/api/benchmark/db-cycle,kind=db_write,
http_req_receiving,1785955466,0.025250,,,1404,false,,POST,https://fluency.lat/api/benchmark/db-cycle,HTTP/2.0,default,,404,,tls1.3,https://fluency.lat/api/benchmark/db-cycle,kind=db_write,
http_req_failed,1785955466,1.000000,,,1404,false,,POST,https://fluency.lat/api/benchmark/db-cycle,HTTP/2.0,default,,404,,tls1.3,https://fluency.lat/api/benchmark/db-cycle,kind=db_write,
db_duration,1785955466,324.362466,,,,,,,,,default,,,,,,,
checks,1785955466,0.000000,db 200,,,,,,,,default,,,,,,,
overflow_responses,1785955466,1.000000,,,,,,,,,default,,,,,,,
data_sent,1785955466,90.000000,,,,,,,,,default,,,,,,,
data_received,1785955466,344.000000,,,,,,,,,default,,,,,,,
iteration_duration,1785955466,324.428646,,,,,,,,,default,,,,,,,
iterations,1785955466,1.000000,,,,,,,,,default,,,,,,,
vus,1785955466,5.000000,,,,,,,,,,,,,,,,
vus_max,1785955466,50.000000,,,,,,,,,,,,,,,,
http_reqs,1785955467,1.000000,,,1404,false,,POST,https://fluency.lat/api/benchmark/db-cycle,HTTP/2.0,default,,404,,tls1.3,https://fluency.lat/api/benchmark/db-cycle,kind=db_write,
http_req_duration,1785955467,322.994237,,,1404,false,,POST,https://fluency.lat/api/benchmark/db-cycle,HTTP/2.0,default,,404,,tls1.3,https://fluency.lat/api/benchmark/db-cycle,kind=db_write,
http_req_blocked,1785955467,0.000200,,,1404,false,,POST,https://fluency.lat/api/benchmark/db-cycle,HTTP/2.0,default,,404,,tls1.3,https://fluency.lat/api/benchmark/db-cycle,kind=db_write,
http_req_connecting,1785955467,0.000000,,,1404,false,,POST,https://fluency.lat/api/benchmark/db-cycle,HTTP/2.0,default,,404,,tls1.3,https://fluency.lat/api/benchmark/db-cycle,kind=db_write,
http_req_tls_handshaking,1785955467,0.000000,,,1404,false,,POST,https://fluency.lat/api/benchmark/db-cycle,HTTP/2.0,default,,404,,tls1.3,https://fluency.lat/api/benchmark/db-cycle,kind=db_write,
http_req_sending,1785955467,0.035740,,,1404,false,,POST,https://fluency.lat/api/benchmark/db-cycle,HTTP/2.0,default,,404,,tls1.3,https://fluency.lat/api/benchmark/db-cycle,kind=db_write,
http_req_waiting,1785955467,322.921167,,,1404,false,,POST,https://fluency.lat/api/benchmark/db-cycle,HTTP/2.0,default,,404,,tls1.3,https://fluency.lat/api/benchmark/db-cycle,kind=db_write,
http_req_receiving,1785955467,0.037330,,,1404,false,,POST,https://fluency.lat/api/benchmark/db-cycle,HTTP/2.0,default,,404,,tls1.3,https://fluency.lat/api/benchmark/db-cycle,kind=db_write,
http_req_failed,1785955467,1.000000,,,1404,false,,POST,https://fluency.lat/api/benchmark/db-cycle,HTTP/2.0,default,,404,,tls1.3,https://fluency.lat/api/benchmark/db-cycle,kind=db_write,
db_duration,1785955467,322.994237,,,,,,,,,default,,,,,,,
checks,1785955467,0.000000,db 200,,,,,,,,default,,,,,,,
overflow_responses,1785955467,1.000000,,,,,,,,,default,,,,,,,
data_sent,1785955467,90.000000,,,,,,,,,default,,,,,,,
data_received,1785955467,341.000000,,,,,,,,,default,,,,,,,
iteration_duration,1785955467,323.107056,,,,,,,,,default,,,,,,,
iterations,1785955467,1.000000,,,,,,,,,default,,,,,,,
http_reqs,1785955467,1.000000,,,1404,false,,POST,https://fluency.lat/api/benchmark/db-cycle,HTTP/2.0,default,,404,,tls1.3,https://fluency.lat/api/benchmark/db-cycle,kind=db_write,
http_req_duration,1785955467,320.096692,,,1404,false,,POST,https://fluency.lat/api/benchmark/db-cycle,HTTP/2.0,default,,404,,tls1.3,https://fluency.lat/api/benchmark/db-cycle,kind=db_write,
http_req_blocked,1785955467,0.000200,,,1404,false,,POST,https://fluency.lat/api/benchmark/db-cycle,HTTP/2.0,default,,404,,tls1.3,https://fluency.lat/api/benchmark/db-cycle,kind=db_write,
http_req_connecting,1785955467,0.000000,,,1404,false,,POST,https://fluency.lat/api/benchmark/db-cycle,HTTP/2.0,default,,404,,tls1.3,https://fluency.lat/api/benchmark/db-cycle,kind=db_write,
http_req_tls_handshaking,1785955467,0.000000,,,1404,false,,POST,https://fluency.lat/api/benchmark/db-cycle,HTTP/2.0,default,,404,,tls1.3,https://fluency.lat/api/benchmark/db-cycle,kind=db_write,
http_req_sending,1785955467,0.037830,,,1404,false,,POST,https://fluency.lat/api/benchmark/db-cycle,HTTP/2.0,default,,404,,tls1.3,https://fluency.lat/api/benchmark/db-cycle,kind=db_write,
http_req_waiting,1785955467,320.036233,,,1404,false,,POST,https://fluency.lat/api/benchmark/db-cycle,HTTP/2.0,default,,404,,tls1.3,https://fluency.lat/api/benchmark/db-cycle,kind=db_write,
http_req_receiving,1785955467,0.022629,,,1404,false,,POST,https://fluency.lat/api/benchmark/db-cycle,HTTP/2.0,default,,404,,tls1.3,https://fluency.lat/api/benchmark/db-cycle,kind=db_write,
http_req_failed,1785955467,1.000000,,,1404,false,,POST,https://fluency.lat/api/benchmark/db-cycle,HTTP/2.0,default,,404,,tls1.3,https://fluency.lat/api/benchmark/db-cycle,kind=db_write,
db_duration,1785955467,320.096692,,,,,,,,,default,,,,,,,
checks,1785955467,0.000000,db 200,,,,,,,,default,,,,,,,
overflow_responses,1785955467,1.000000,,,,,,,,,default,,,,,,,
data_sent,1785955467,90.000000,,,,,,,,,default,,,,,,,
data_received,1785955467,364.000000,,,,,,,,,default,,,,,,,
iteration_duration,1785955467,320.177121,,,,,,,,,default,,,,,,,
iterations,1785955467,1.000000,,,,,,,,,default,,,,,,,
http_reqs,1785955467,1.000000,,,1404,false,,POST,https://fluency.lat/api/benchmark/db-cycle,HTTP/2.0,default,,404,,tls1.3,https://fluency.lat/api/benchmark/db-cycle,kind=db_write,
http_req_duration,1785955467,319.799983,,,1404,false,,POST,https://fluency.lat/api/benchmark/db-cycle,HTTP/2.0,default,,404,,tls1.3,https://fluency.lat/api/benchmark/db-cycle,kind=db_write,
http_req_blocked,1785955467,0.000210,,,1404,false,,POST,https://fluency.lat/api/benchmark/db-cycle,HTTP/2.0,default,,404,,tls1.3,https://fluency.lat/api/benchmark/db-cycle,kind=db_write,
http_req_connecting,1785955467,0.000000,,,1404,false,,POST,https://fluency.lat/api/benchmark/db-cycle,HTTP/2.0,default,,404,,tls1.3,https://fluency.lat/api/benchmark/db-cycle,kind=db_write,
http_req_tls_handshaking,1785955467,0.000000,,,1404,false,,POST,https://fluency.lat/api/benchmark/db-cycle,HTTP/2.0,default,,404,,tls1.3,https://fluency.lat/api/benchmark/db-cycle,kind=db_write,
http_req_sending,1785955467,0.032130,,,1404,false,,POST,https://fluency.lat/api/benchmark/db-cycle,HTTP/2.0,default,,404,,tls1.3,https://fluency.lat/api/benchmark/db-cycle,kind=db_write,
http_req_waiting,1785955467,319.746873,,,1404,false,,POST,https://fluency.lat/api/benchmark/db-cycle,HTTP/2.0,default,,404,,tls1.3,https://fluency.lat/api/benchmark/db-cycle,kind=db_write,
http_req_receiving,1785955467,0.020980,,,1404,false,,POST,https://fluency.lat/api/benchmark/db-cycle,HTTP/2.0,default,,404,,tls1.3,https://fluency.lat/api/benchmark/db-cycle,kind=db_write,
http_req_failed,1785955467,1.000000,,,1404,false,,POST,https://fluency.lat/api/benchmark/db-cycle,HTTP/2.0,default,,404,,tls1.3,https://fluency.lat/api/benchmark/db-cycle,kind=db_write,
db_duration,1785955467,319.799983,,,,,,,,,default,,,,,,,
checks,1785955467,0.000000,db 200,,,,,,,,default,,,,,,,
overflow_responses,1785955467,1.000000,,,,,,,,,default,,,,,,,
data_sent,1785955467,90.000000,,,,,,,,,default,,,,,,,
data_received,1785955467,365.000000,,,,,,,,,default,,,,,,,
iteration_duration,1785955467,319.872593,,,,,,,,,default,,,,,,,
iterations,1785955467,1.000000,,,,,,,,,default,,,,,,,
http_reqs,1785955467,1.000000,,,1404,false,,POST,https://fluency.lat/api/benchmark/db-cycle,HTTP/2.0,default,,404,,tls1.3,https://fluency.lat/api/benchmark/db-cycle,kind=db_write,
http_req_duration,1785955467,323.179388,,,1404,false,,POST,https://fluency.lat/api/benchmark/db-cycle,HTTP/2.0,default,,404,,tls1.3,https://fluency.lat/api/benchmark/db-cycle,kind=db_write,
http_req_blocked,1785955467,0.000200,,,1404,false,,POST,https://fluency.lat/api/benchmark/db-cycle,HTTP/2.0,default,,404,,tls1.3,https://fluency.lat/api/benchmark/db-cycle,kind=db_write,
http_req_connecting,1785955467,0.000000,,,1404,false,,POST,https://fluency.lat/api/benchmark/db-cycle,HTTP/2.0,default,,404,,tls1.3,https://fluency.lat/api/benchmark/db-cycle,kind=db_write,
http_req_tls_handshaking,1785955467,0.000000,,,1404,false,,POST,https://fluency.lat/api/benchmark/db-cycle,HTTP/2.0,default,,404,,tls1.3,https://fluency.lat/api/benchmark/db-cycle,kind=db_write,
http_req_sending,1785955467,0.032420,,,1404,false,,POST,https://fluency.lat/api/benchmark/db-cycle,HTTP/2.0,default,,404,,tls1.3,https://fluency.lat/api/benchmark/db-cycle,kind=db_write,
http_req_waiting,1785955467,323.129989,,,1404,false,,POST,https://fluency.lat/api/benchmark/db-cycle,HTTP/2.0,default,,404,,tls1.3,https://fluency.lat/api/benchmark/db-cycle,kind=db_write,
http_req_receiving,1785955467,0.016979,,,1404,false,,POST,https://fluency.lat/api/benchmark/db-cycle,HTTP/2.0,default,,404,,tls1.3,https://fluency.lat/api/benchmark/db-cycle,kind=db_write,
http_req_failed,1785955467,1.000000,,,1404,false,,POST,https://fluency.lat/api/benchmark/db-cycle,HTTP/2.0,default,,404,,tls1.3,https://fluency.lat/api/benchmark/db-cycle,kind=db_write,
db_duration,1785955467,323.179388,,,,,,,,,default,,,,,,,
checks,1785955467,0.000000,db 200,,,,,,,,default,,,,,,,
overflow_responses,1785955467,1.000000,,,,,,,,,default,,,,,,,
data_sent,1785955467,90.000000,,,,,,,,,default,,,,,,,
data_received,1785955467,349.000000,,,,,,,,,default,,,,,,,
iteration_duration,1785955467,323.239818,,,,,,,,,default,,,,,,,
iterations,1785955467,1.000000,,,,,,,,,default,,,,,,,
http_reqs,1785955467,1.000000,,,1404,false,,POST,https://fluency.lat/api/benchmark/db-cycle,HTTP/2.0,default,,404,,tls1.3,https://fluency.lat/api/benchmark/db-cycle,kind=db_write,
http_req_duration,1785955467,328.228451,,,1404,false,,POST,https://fluency.lat/api/benchmark/db-cycle,HTTP/2.0,default,,404,,tls1.3,https://fluency.lat/api/benchmark/db-cycle,kind=db_write,
http_req_blocked,1785955467,0.000200,,,1404,false,,POST,https://fluency.lat/api/benchmark/db-cycle,HTTP/2.0,default,,404,,tls1.3,https://fluency.lat/api/benchmark/db-cycle,kind=db_write,
http_req_connecting,1785955467,0.000000,,,1404,false,,POST,https://fluency.lat/api/benchmark/db-cycle,HTTP/2.0,default,,404,,tls1.3,https://fluency.lat/api/benchmark/db-cycle,kind=db_write,
http_req_tls_handshaking,1785955467,0.000000,,,1404,false,,POST,https://fluency.lat/api/benchmark/db-cycle,HTTP/2.0,default,,404,,tls1.3,https://fluency.lat/api/benchmark/db-cycle,kind=db_write,
http_req_sending,1785955467,0.042289,,,1404,false,,POST,https://fluency.lat/api/benchmark/db-cycle,HTTP/2.0,default,,404,,tls1.3,https://fluency.lat/api/benchmark/db-cycle,kind=db_write,
http_req_waiting,1785955467,328.163682,,,1404,false,,POST,https://fluency.lat/api/benchmark/db-cycle,HTTP/2.0,default,,404,,tls1.3,https://fluency.lat/api/benchmark/db-cycle,kind=db_write,
http_req_receiving,1785955467,0.022480,,,1404,false,,POST,https://fluency.lat/api/benchmark/db-cycle,HTTP/2.0,default,,404,,tls1.3,https://fluency.lat/api/benchmark/db-cycle,kind=db_write,
http_req_failed,1785955467,1.000000,,,1404,false,,POST,https://fluency.lat/api/benchmark/db-cycle,HTTP/2.0,default,,404,,tls1.3,https://fluency.lat/api/benchmark/db-cycle,kind=db_write,
db_duration,1785955467,328.228451,,,,,,,,,default,,,,,,,
checks,1785955467,0.000000,db 200,,,,,,,,default,,,,,,,
overflow_responses,1785955467,1.000000,,,,,,,,,default,,,,,,,
data_sent,1785955467,90.000000,,,,,,,,,default,,,,,,,
data_received,1785955467,369.000000,,,,,,,,,default,,,,,,,
iteration_duration,1785955467,328.306481,,,,,,,,,default,,,,,,,
iterations,1785955467,1.000000,,,,,,,,,default,,,,,,,
http_reqs,1785955467,1.000000,,,1404,false,,POST,https://fluency.lat/api/benchmark/db-cycle,HTTP/2.0,default,,404,,tls1.3,https://fluency.lat/api/benchmark/db-cycle,kind=db_write,
http_req_duration,1785955467,324.135118,,,1404,false,,POST,https://fluency.lat/api/benchmark/db-cycle,HTTP/2.0,default,,404,,tls1.3,https://fluency.lat/api/benchmark/db-cycle,kind=db_write,
http_req_blocked,1785955467,0.000270,,,1404,false,,POST,https://fluency.lat/api/benchmark/db-cycle,HTTP/2.0,default,,404,,tls1.3,https://fluency.lat/api/benchmark/db-cycle,kind=db_write,
http_req_connecting,1785955467,0.000000,,,1404,false,,POST,https://fluency.lat/api/benchmark/db-cycle,HTTP/2.0,default,,404,,tls1.3,https://fluency.lat/api/benchmark/db-cycle,kind=db_write,
http_req_tls_handshaking,1785955467,0.000000,,,1404,false,,POST,https://fluency.lat/api/benchmark/db-cycle,HTTP/2.0,default,,404,,tls1.3,https://fluency.lat/api/benchmark/db-cycle,kind=db_write,
http_req_sending,1785955467,0.047990,,,1404,false,,POST,https://fluency.lat/api/benchmark/db-cycle,HTTP/2.0,default,,404,,tls1.3,https://fluency.lat/api/benchmark/db-cycle,kind=db_write,
http_req_waiting,1785955467,324.064498,,,1404,false,,POST,https://fluency.lat/api/benchmark/db-cycle,HTTP/2.0,default,,404,,tls1.3,https://fluency.lat/api/benchmark/db-cycle,kind=db_write,
http_req_receiving,1785955467,0.022630,,,1404,false,,POST,https://fluency.lat/api/benchmark/db-cycle,HTTP/2.0,default,,404,,tls1.3,https://fluency.lat/api/benchmark/db-cycle,kind=db_write,
http_req_failed,1785955467,1.000000,,,1404,false,,POST,https://fluency.lat/api/benchmark/db-cycle,HTTP/2.0,default,,404,,tls1.3,https://fluency.lat/api/benchmark/db-cycle,kind=db_write,
db_duration,1785955467,324.135118,,,,,,,,,default,,,,,,,
checks,1785955467,0.000000,db 200,,,,,,,,default,,,,,,,
overflow_responses,1785955467,1.000000,,,,,,,,,default,,,,,,,
data_sent,1785955467,90.000000,,,,,,,,,default,,,,,,,
data_received,1785955467,558.000000,,,,,,,,,default,,,,,,,
iteration_duration,1785955467,324.241688,,,,,,,,,default,,,,,,,
iterations,1785955467,1.000000,,,,,,,,,default,,,,,,,
http_reqs,1785955467,1.000000,,,1404,false,,POST,https://fluency.lat/api/benchmark/db-cycle,HTTP/2.0,default,,404,,tls1.3,https://fluency.lat/api/benchmark/db-cycle,kind=db_write,
http_req_duration,1785955467,320.809703,,,1404,false,,POST,https://fluency.lat/api/benchmark/db-cycle,HTTP/2.0,default,,404,,tls1.3,https://fluency.lat/api/benchmark/db-cycle,kind=db_write,
http_req_blocked,1785955467,0.000270,,,1404,false,,POST,https://fluency.lat/api/benchmark/db-cycle,HTTP/2.0,default,,404,,tls1.3,https://fluency.lat/api/benchmark/db-cycle,kind=db_write,
http_req_connecting,1785955467,0.000000,,,1404,false,,POST,https://fluency.lat/api/benchmark/db-cycle,HTTP/2.0,default,,404,,tls1.3,https://fluency.lat/api/benchmark/db-cycle,kind=db_write,
http_req_tls_handshaking,1785955467,0.000000,,,1404,false,,POST,https://fluency.lat/api/benchmark/db-cycle,HTTP/2.0,default,,404,,tls1.3,https://fluency.lat/api/benchmark/db-cycle,kind=db_write,
http_req_sending,1785955467,0.041290,,,1404,false,,POST,https://fluency.lat/api/benchmark/db-cycle,HTTP/2.0,default,,404,,tls1.3,https://fluency.lat/api/benchmark/db-cycle,kind=db_write,
http_req_waiting,1785955467,320.747903,,,1404,false,,POST,https://fluency.lat/api/benchmark/db-cycle,HTTP/2.0,default,,404,,tls1.3,https://fluency.lat/api/benchmark/db-cycle,kind=db_write,
http_req_receiving,1785955467,0.020510,,,1404,false,,POST,https://fluency.lat/api/benchmark/db-cycle,HTTP/2.0,default,,404,,tls1.3,https://fluency.lat/api/benchmark/db-cycle,kind=db_write,
http_req_failed,1785955467,1.000000,,,1404,false,,POST,https://fluency.lat/api/benchmark/db-cycle,HTTP/2.0,default,,404,,tls1.3,https://fluency.lat/api/benchmark/db-cycle,kind=db_write,
db_duration,1785955467,320.809703,,,,,,,,,default,,,,,,,
checks,1785955467,0.000000,db 200,,,,,,,,default,,,,,,,
overflow_responses,1785955467,1.000000,,,,,,,,,default,,,,,,,
data_sent,1785955467,90.000000,,,,,,,,,default,,,,,,,
data_received,1785955467,318.000000,,,,,,,,,default,,,,,,,
iteration_duration,1785955467,320.893563,,,,,,,,,default,,,,,,,
iterations,1785955467,1.000000,,,,,,,,,default,,,,,,,
http_reqs,1785955467,1.000000,,,1404,false,,POST,https://fluency.lat/api/benchmark/db-cycle,HTTP/2.0,default,,404,,tls1.3,https://fluency.lat/api/benchmark/db-cycle,kind=db_write,
http_req_duration,1785955467,332.087096,,,1404,false,,POST,https://fluency.lat/api/benchmark/db-cycle,HTTP/2.0,default,,404,,tls1.3,https://fluency.lat/api/benchmark/db-cycle,kind=db_write,
http_req_blocked,1785955467,0.000270,,,1404,false,,POST,https://fluency.lat/api/benchmark/db-cycle,HTTP/2.0,default,,404,,tls1.3,https://fluency.lat/api/benchmark/db-cycle,kind=db_write,
http_req_connecting,1785955467,0.000000,,,1404,false,,POST,https://fluency.lat/api/benchmark/db-cycle,HTTP/2.0,default,,404,,tls1.3,https://fluency.lat/api/benchmark/db-cycle,kind=db_write,
http_req_tls_handshaking,1785955467,0.000000,,,1404,false,,POST,https://fluency.lat/api/benchmark/db-cycle,HTTP/2.0,default,,404,,tls1.3,https://fluency.lat/api/benchmark/db-cycle,kind=db_write,
http_req_sending,1785955467,0.034670,,,1404,false,,POST,https://fluency.lat/api/benchmark/db-cycle,HTTP/2.0,default,,404,,tls1.3,https://fluency.lat/api/benchmark/db-cycle,kind=db_write,
http_req_waiting,1785955467,332.035786,,,1404,false,,POST,https://fluency.lat/api/benchmark/db-cycle,HTTP/2.0,default,,404,,tls1.3,https://fluency.lat/api/benchmark/db-cycle,kind=db_write,
http_req_receiving,1785955467,0.016640,,,1404,false,,POST,https://fluency.lat/api/benchmark/db-cycle,HTTP/2.0,default,,404,,tls1.3,https://fluency.lat/api/benchmark/db-cycle,kind=db_write,
http_req_failed,1785955467,1.000000,,,1404,false,,POST,https://fluency.lat/api/benchmark/db-cycle,HTTP/2.0,default,,404,,tls1.3,https://fluency.lat/api/benchmark/db-cycle,kind=db_write,
db_duration,1785955467,332.087096,,,,,,,,,default,,,,,,,
checks,1785955467,0.000000,db 200,,,,,,,,default,,,,,,,
overflow_responses,1785955467,1.000000,,,,,,,,,default,,,,,,,
data_sent,1785955467,90.000000,,,,,,,,,default,,,,,,,
data_received,1785955467,343.000000,,,,,,,,,default,,,,,,,
iteration_duration,1785955467,332.154826,,,,,,,,,default,,,,,,,
iterations,1785955467,1.000000,,,,,,,,,default,,,,,,,
http_reqs,1785955467,1.000000,,,1404,false,,POST,https://fluency.lat/api/benchmark/db-cycle,HTTP/2.0,default,,404,,tls1.3,https://fluency.lat/api/benchmark/db-cycle,kind=db_write,
http_req_duration,1785955467,321.664322,,,1404,false,,POST,https://fluency.lat/api/benchmark/db-cycle,HTTP/2.0,default,,404,,tls1.3,https://fluency.lat/api/benchmark/db-cycle,kind=db_write,
http_req_blocked,1785955467,0.000220,,,1404,false,,POST,https://fluency.lat/api/benchmark/db-cycle,HTTP/2.0,default,,404,,tls1.3,https://fluency.lat/api/benchmark/db-cycle,kind=db_write,
http_req_connecting,1785955467,0.000000,,,1404,false,,POST,https://fluency.lat/api/benchmark/db-cycle,HTTP/2.0,default,,404,,tls1.3,https://fluency.lat/api/benchmark/db-cycle,kind=db_write,
http_req_tls_handshaking,1785955467,0.000000,,,1404,false,,POST,https://fluency.lat/api/benchmark/db-cycle,HTTP/2.0,default,,404,,tls1.3,https://fluency.lat/api/benchmark/db-cycle,kind=db_write,
http_req_sending,1785955467,0.027990,,,1404,false,,POST,https://fluency.lat/api/benchmark/db-cycle,HTTP/2.0,default,,404,,tls1.3,https://fluency.lat/api/benchmark/db-cycle,kind=db_write,
http_req_waiting,1785955467,321.617942,,,1404,false,,POST,https://fluency.lat/api/benchmark/db-cycle,HTTP/2.0,default,,404,,tls1.3,https://fluency.lat/api/benchmark/db-cycle,kind=db_write,
http_req_receiving,1785955467,0.018390,,,1404,false,,POST,https://fluency.lat/api/benchmark/db-cycle,HTTP/2.0,default,,404,,tls1.3,https://fluency.lat/api/benchmark/db-cycle,kind=db_write,
http_req_failed,1785955467,1.000000,,,1404,false,,POST,https://fluency.lat/api/benchmark/db-cycle,HTTP/2.0,default,,404,,tls1.3,https://fluency.lat/api/benchmark/db-cycle,kind=db_write,
db_duration,1785955467,321.664322,,,,,,,,,default,,,,,,,
checks,1785955467,0.000000,db 200,,,,,,,,default,,,,,,,
overflow_responses,1785955467,1.000000,,,,,,,,,default,,,,,,,
data_sent,1785955467,90.000000,,,,,,,,,default,,,,,,,
data_received,1785955467,321.000000,,,,,,,,,default,,,,,,,
iteration_duration,1785955467,321.733102,,,,,,,,,default,,,,,,,
iterations,1785955467,1.000000,,,,,,,,,default,,,,,,,
http_reqs,1785955467,1.000000,,,1404,false,,POST,https://fluency.lat/api/benchmark/db-cycle,HTTP/2.0,default,,404,,tls1.3,https://fluency.lat/api/benchmark/db-cycle,kind=db_write,
http_req_duration,1785955467,321.551902,,,1404,false,,POST,https://fluency.lat/api/benchmark/db-cycle,HTTP/2.0,default,,404,,tls1.3,https://fluency.lat/api/benchmark/db-cycle,kind=db_write,
http_req_blocked,1785955467,0.000270,,,1404,false,,POST,https://fluency.lat/api/benchmark/db-cycle,HTTP/2.0,default,,404,,tls1.3,https://fluency.lat/api/benchmark/db-cycle,kind=db_write,
http_req_connecting,1785955467,0.000000,,,1404,false,,POST,https://fluency.lat/api/benchmark/db-cycle,HTTP/2.0,default,,404,,tls1.3,https://fluency.lat/api/benchmark/db-cycle,kind=db_write,
http_req_tls_handshaking,1785955467,0.000000,,,1404,false,,POST,https://fluency.lat/api/benchmark/db-cycle,HTTP/2.0,default,,404,,tls1.3,https://fluency.lat/api/benchmark/db-cycle,kind=db_write,
http_req_sending,1785955467,0.037700,,,1404,false,,POST,https://fluency.lat/api/benchmark/db-cycle,HTTP/2.0,default,,404,,tls1.3,https://fluency.lat/api/benchmark/db-cycle,kind=db_write,
http_req_waiting,1785955467,321.497052,,,1404,false,,POST,https://fluency.lat/api/benchmark/db-cycle,HTTP/2.0,default,,404,,tls1.3,https://fluency.lat/api/benchmark/db-cycle,kind=db_write,
http_req_receiving,1785955467,0.017150,,,1404,false,,POST,https://fluency.lat/api/benchmark/db-cycle,HTTP/2.0,default,,404,,tls1.3,https://fluency.lat/api/benchmark/db-cycle,kind=db_write,
http_req_failed,1785955467,1.000000,,,1404,false,,POST,https://fluency.lat/api/benchmark/db-cycle,HTTP/2.0,default,,404,,tls1.3,https://fluency.lat/api/benchmark/db-cycle,kind=db_write,
db_duration,1785955467,321.551902,,,,,,,,,default,,,,,,,
checks,1785955467,0.000000,db 200,,,,,,,,default,,,,,,,
overflow_responses,1785955467,1.000000,,,,,,,,,default,,,,,,,
data_sent,1785955467,90.000000,,,,,,,,,default,,,,,,,
data_received,1785955467,314.000000,,,,,,,,,default,,,,,,,
iteration_duration,1785955467,321.623042,,,,,,,,,default,,,,,,,
iterations,1785955467,1.000000,,,,,,,,,default,,,,,,,
http_reqs,1785955467,1.000000,,,1404,false,,POST,https://fluency.lat/api/benchmark/db-cycle,HTTP/2.0,default,,404,,tls1.3,https://fluency.lat/api/benchmark/db-cycle,kind=db_write,
http_req_duration,1785955467,321.379792,,,1404,false,,POST,https://fluency.lat/api/benchmark/db-cycle,HTTP/2.0,default,,404,,tls1.3,https://fluency.lat/api/benchmark/db-cycle,kind=db_write,
http_req_blocked,1785955467,0.000300,,,1404,false,,POST,https://fluency.lat/api/benchmark/db-cycle,HTTP/2.0,default,,404,,tls1.3,https://fluency.lat/api/benchmark/db-cycle,kind=db_write,
http_req_connecting,1785955467,0.000000,,,1404,false,,POST,https://fluency.lat/api/benchmark/db-cycle,HTTP/2.0,default,,404,,tls1.3,https://fluency.lat/api/benchmark/db-cycle,kind=db_write,
http_req_tls_handshaking,1785955467,0.000000,,,1404,false,,POST,https://fluency.lat/api/benchmark/db-cycle,HTTP/2.0,default,,404,,tls1.3,https://fluency.lat/api/benchmark/db-cycle,kind=db_write,
http_req_sending,1785955467,0.053500,,,1404,false,,POST,https://fluency.lat/api/benchmark/db-cycle,HTTP/2.0,default,,404,,tls1.3,https://fluency.lat/api/benchmark/db-cycle,kind=db_write,
http_req_waiting,1785955467,321.297722,,,1404,false,,POST,https://fluency.lat/api/benchmark/db-cycle,HTTP/2.0,default,,404,,tls1.3,https://fluency.lat/api/benchmark/db-cycle,kind=db_write,
http_req_receiving,1785955467,0.028570,,,1404,false,,POST,https://fluency.lat/api/benchmark/db-cycle,HTTP/2.0,default,,404,,tls1.3,https://fluency.lat/api/benchmark/db-cycle,kind=db_write,
http_req_failed,1785955467,1.000000,,,1404,false,,POST,https://fluency.lat/api/benchmark/db-cycle,HTTP/2.0,default,,404,,tls1.3,https://fluency.lat/api/benchmark/db-cycle,kind=db_write,
db_duration,1785955467,321.379792,,,,,,,,,default,,,,,,,
checks,1785955467,0.000000,db 200,,,,,,,,default,,,,,,,
overflow_responses,1785955467,1.000000,,,,,,,,,default,,,,,,,
data_sent,1785955467,90.000000,,,,,,,,,default,,,,,,,
data_received,1785955467,345.000000,,,,,,,,,default,,,,,,,
iteration_duration,1785955467,321.484582,,,,,,,,,default,,,,,,,
iterations,1785955467,1.000000,,,,,,,,,default,,,,,,,
http_reqs,1785955467,1.000000,,,1404,false,,POST,https://fluency.lat/api/benchmark/db-cycle,HTTP/2.0,default,,404,,tls1.3,https://fluency.lat/api/benchmark/db-cycle,kind=db_write,
http_req_duration,1785955467,325.812305,,,1404,false,,POST,https://fluency.lat/api/benchmark/db-cycle,HTTP/2.0,default,,404,,tls1.3,https://fluency.lat/api/benchmark/db-cycle,kind=db_write,
http_req_blocked,1785955467,0.000250,,,1404,false,,POST,https://fluency.lat/api/benchmark/db-cycle,HTTP/2.0,default,,404,,tls1.3,https://fluency.lat/api/benchmark/db-cycle,kind=db_write,
http_req_connecting,1785955467,0.000000,,,1404,false,,POST,https://fluency.lat/api/benchmark/db-cycle,HTTP/2.0,default,,404,,tls1.3,https://fluency.lat/api/benchmark/db-cycle,kind=db_write,
http_req_tls_handshaking,1785955467,0.000000,,,1404,false,,POST,https://fluency.lat/api/benchmark/db-cycle,HTTP/2.0,default,,404,,tls1.3,https://fluency.lat/api/benchmark/db-cycle,kind=db_write,
http_req_sending,1785955467,0.037100,,,1404,false,,POST,https://fluency.lat/api/benchmark/db-cycle,HTTP/2.0,default,,404,,tls1.3,https://fluency.lat/api/benchmark/db-cycle,kind=db_write,
http_req_waiting,1785955467,325.747575,,,1404,false,,POST,https://fluency.lat/api/benchmark/db-cycle,HTTP/2.0,default,,404,,tls1.3,https://fluency.lat/api/benchmark/db-cycle,kind=db_write,
http_req_receiving,1785955467,0.027630,,,1404,false,,POST,https://fluency.lat/api/benchmark/db-cycle,HTTP/2.0,default,,404,,tls1.3,https://fluency.lat/api/benchmark/db-cycle,kind=db_write,
http_req_failed,1785955467,1.000000,,,1404,false,,POST,https://fluency.lat/api/benchmark/db-cycle,HTTP/2.0,default,,404,,tls1.3,https://fluency.lat/api/benchmark/db-cycle,kind=db_write,
db_duration,1785955467,325.812305,,,,,,,,,default,,,,,,,
checks,1785955467,0.000000,db 200,,,,,,,,default,,,,,,,
overflow_responses,1785955467,1.000000,,,,,,,,,default,,,,,,,
data_sent,1785955467,90.000000,,,,,,,,,default,,,,,,,
data_received,1785955467,342.000000,,,,,,,,,default,,,,,,,
iteration_duration,1785955467,325.901615,,,,,,,,,default,,,,,,,
iterations,1785955467,1.000000,,,,,,,,,default,,,,,,,
http_reqs,1785955467,1.000000,,,1404,false,,POST,https://fluency.lat/api/benchmark/db-cycle,HTTP/2.0,default,,404,,tls1.3,https://fluency.lat/api/benchmark/db-cycle,kind=db_write,
http_req_duration,1785955467,319.571534,,,1404,false,,POST,https://fluency.lat/api/benchmark/db-cycle,HTTP/2.0,default,,404,,tls1.3,https://fluency.lat/api/benchmark/db-cycle,kind=db_write,
http_req_blocked,1785955467,0.000200,,,1404,false,,POST,https://fluency.lat/api/benchmark/db-cycle,HTTP/2.0,default,,404,,tls1.3,https://fluency.lat/api/benchmark/db-cycle,kind=db_write,
http_req_connecting,1785955467,0.000000,,,1404,false,,POST,https://fluency.lat/api/benchmark/db-cycle,HTTP/2.0,default,,404,,tls1.3,https://fluency.lat/api/benchmark/db-cycle,kind=db_write,
http_req_tls_handshaking,1785955467,0.000000,,,1404,false,,POST,https://fluency.lat/api/benchmark/db-cycle,HTTP/2.0,default,,404,,tls1.3,https://fluency.lat/api/benchmark/db-cycle,kind=db_write,
http_req_sending,1785955467,0.028190,,,1404,false,,POST,https://fluency.lat/api/benchmark/db-cycle,HTTP/2.0,default,,404,,tls1.3,https://fluency.lat/api/benchmark/db-cycle,kind=db_write,
http_req_waiting,1785955467,319.502234,,,1404,false,,POST,https://fluency.lat/api/benchmark/db-cycle,HTTP/2.0,default,,404,,tls1.3,https://fluency.lat/api/benchmark/db-cycle,kind=db_write,
http_req_receiving,1785955467,0.041110,,,1404,false,,POST,https://fluency.lat/api/benchmark/db-cycle,HTTP/2.0,default,,404,,tls1.3,https://fluency.lat/api/benchmark/db-cycle,kind=db_write,
http_req_failed,1785955467,1.000000,,,1404,false,,POST,https://fluency.lat/api/benchmark/db-cycle,HTTP/2.0,default,,404,,tls1.3,https://fluency.lat/api/benchmark/db-cycle,kind=db_write,
db_duration,1785955467,319.571534,,,,,,,,,default,,,,,,,
checks,1785955467,0.000000,db 200,,,,,,,,default,,,,,,,
overflow_responses,1785955467,1.000000,,,,,,,,,default,,,,,,,
data_sent,1785955467,90.000000,,,,,,,,,default,,,,,,,
data_received,1785955467,322.000000,,,,,,,,,default,,,,,,,
iteration_duration,1785955467,319.679724,,,,,,,,,default,,,,,,,
iterations,1785955467,1.000000,,,,,,,,,default,,,,,,,
http_reqs,1785955467,1.000000,,,1404,false,,POST,https://fluency.lat/api/benchmark/db-cycle,HTTP/2.0,default,,404,,tls1.3,https://fluency.lat/api/benchmark/db-cycle,kind=db_write,
http_req_duration,1785955467,322.192890,,,1404,false,,POST,https://fluency.lat/api/benchmark/db-cycle,HTTP/2.0,default,,404,,tls1.3,https://fluency.lat/api/benchmark/db-cycle,kind=db_write,
http_req_blocked,1785955467,0.000250,,,1404,false,,POST,https://fluency.lat/api/benchmark/db-cycle,HTTP/2.0,default,,404,,tls1.3,https://fluency.lat/api/benchmark/db-cycle,kind=db_write,
http_req_connecting,1785955467,0.000000,,,1404,false,,POST,https://fluency.lat/api/benchmark/db-cycle,HTTP/2.0,default,,404,,tls1.3,https://fluency.lat/api/benchmark/db-cycle,kind=db_write,
http_req_tls_handshaking,1785955467,0.000000,,,1404,false,,POST,https://fluency.lat/api/benchmark/db-cycle,HTTP/2.0,default,,404,,tls1.3,https://fluency.lat/api/benchmark/db-cycle,kind=db_write,
http_req_sending,1785955467,0.035240,,,1404,false,,POST,https://fluency.lat/api/benchmark/db-cycle,HTTP/2.0,default,,404,,tls1.3,https://fluency.lat/api/benchmark/db-cycle,kind=db_write,
http_req_waiting,1785955467,322.135090,,,1404,false,,POST,https://fluency.lat/api/benchmark/db-cycle,HTTP/2.0,default,,404,,tls1.3,https://fluency.lat/api/benchmark/db-cycle,kind=db_write,
http_req_receiving,1785955467,0.022560,,,1404,false,,POST,https://fluency.lat/api/benchmark/db-cycle,HTTP/2.0,default,,404,,tls1.3,https://fluency.lat/api/benchmark/db-cycle,kind=db_write,
http_req_failed,1785955467,1.000000,,,1404,false,,POST,https://fluency.lat/api/benchmark/db-cycle,HTTP/2.0,default,,404,,tls1.3,https://fluency.lat/api/benchmark/db-cycle,kind=db_write,
db_duration,1785955467,322.192890,,,,,,,,,default,,,,,,,
checks,1785955467,0.000000,db 200,,,,,,,,default,,,,,,,
overflow_responses,1785955467,1.000000,,,,,,,,,default,,,,,,,
data_sent,1785955467,90.000000,,,,,,,,,default,,,,,,,
data_received,1785955467,323.000000,,,,,,,,,default,,,,,,,
iteration_duration,1785955467,322.267000,,,,,,,,,default,,,,,,,
iterations,1785955467,1.000000,,,,,,,,,default,,,,,,,
http_reqs,1785955467,1.000000,,,1404,false,,POST,https://fluency.lat/api/benchmark/db-cycle,HTTP/2.0,default,,404,,tls1.3,https://fluency.lat/api/benchmark/db-cycle,kind=db_write,
http_req_duration,1785955467,320.091892,,,1404,false,,POST,https://fluency.lat/api/benchmark/db-cycle,HTTP/2.0,default,,404,,tls1.3,https://fluency.lat/api/benchmark/db-cycle,kind=db_write,
http_req_blocked,1785955467,0.000210,,,1404,false,,POST,https://fluency.lat/api/benchmark/db-cycle,HTTP/2.0,default,,404,,tls1.3,https://fluency.lat/api/benchmark/db-cycle,kind=db_write,
http_req_connecting,1785955467,0.000000,,,1404,false,,POST,https://fluency.lat/api/benchmark/db-cycle,HTTP/2.0,default,,404,,tls1.3,https://fluency.lat/api/benchmark/db-cycle,kind=db_write,
http_req_tls_handshaking,1785955467,0.000000,,,1404,false,,POST,https://fluency.lat/api/benchmark/db-cycle,HTTP/2.0,default,,404,,tls1.3,https://fluency.lat/api/benchmark/db-cycle,kind=db_write,
http_req_sending,1785955467,0.028240,,,1404,false,,POST,https://fluency.lat/api/benchmark/db-cycle,HTTP/2.0,default,,404,,tls1.3,https://fluency.lat/api/benchmark/db-cycle,kind=db_write,
http_req_waiting,1785955467,320.042642,,,1404,false,,POST,https://fluency.lat/api/benchmark/db-cycle,HTTP/2.0,default,,404,,tls1.3,https://fluency.lat/api/benchmark/db-cycle,kind=db_write,
http_req_receiving,1785955467,0.021010,,,1404,false,,POST,https://fluency.lat/api/benchmark/db-cycle,HTTP/2.0,default,,404,,tls1.3,https://fluency.lat/api/benchmark/db-cycle,kind=db_write,
http_req_failed,1785955467,1.000000,,,1404,false,,POST,https://fluency.lat/api/benchmark/db-cycle,HTTP/2.0,default,,404,,tls1.3,https://fluency.lat/api/benchmark/db-cycle,kind=db_write,
db_duration,1785955467,320.091892,,,,,,,,,default,,,,,,,
checks,1785955467,0.000000,db 200,,,,,,,,default,,,,,,,
overflow_responses,1785955467,1.000000,,,,,,,,,default,,,,,,,
data_sent,1785955467,90.000000,,,,,,,,,default,,,,,,,
data_received,1785955467,348.000000,,,,,,,,,default,,,,,,,
iteration_duration,1785955467,320.170172,,,,,,,,,default,,,,,,,
iterations,1785955467,1.000000,,,,,,,,,default,,,,,,,
vus,1785955467,5.000000,,,,,,,,,,,,,,,,
vus_max,1785955467,50.000000,,,,,,,,,,,,,,,,
http_reqs,1785955468,1.000000,,,1404,false,,POST,https://fluency.lat/api/benchmark/db-cycle,HTTP/2.0,default,,404,,tls1.3,https://fluency.lat/api/benchmark/db-cycle,kind=db_write,
http_req_duration,1785955468,323.001779,,,1404,false,,POST,https://fluency.lat/api/benchmark/db-cycle,HTTP/2.0,default,,404,,tls1.3,https://fluency.lat/api/benchmark/db-cycle,kind=db_write,
http_req_blocked,1785955468,0.000240,,,1404,false,,POST,https://fluency.lat/api/benchmark/db-cycle,HTTP/2.0,default,,404,,tls1.3,https://fluency.lat/api/benchmark/db-cycle,kind=db_write,
http_req_connecting,1785955468,0.000000,,,1404,false,,POST,https://fluency.lat/api/benchmark/db-cycle,HTTP/2.0,default,,404,,tls1.3,https://fluency.lat/api/benchmark/db-cycle,kind=db_write,
http_req_tls_handshaking,1785955468,0.000000,,,1404,false,,POST,https://fluency.lat/api/benchmark/db-cycle,HTTP/2.0,default,,404,,tls1.3,https://fluency.lat/api/benchmark/db-cycle,kind=db_write,
http_req_sending,1785955468,0.065290,,,1404,false,,POST,https://fluency.lat/api/benchmark/db-cycle,HTTP/2.0,default,,404,,tls1.3,https://fluency.lat/api/benchmark/db-cycle,kind=db_write,
http_req_waiting,1785955468,322.906529,,,1404,false,,POST,https://fluency.lat/api/benchmark/db-cycle,HTTP/2.0,default,,404,,tls1.3,https://fluency.lat/api/benchmark/db-cycle,kind=db_write,
http_req_receiving,1785955468,0.029960,,,1404,false,,POST,https://fluency.lat/api/benchmark/db-cycle,HTTP/2.0,default,,404,,tls1.3,https://fluency.lat/api/benchmark/db-cycle,kind=db_write,
http_req_failed,1785955468,1.000000,,,1404,false,,POST,https://fluency.lat/api/benchmark/db-cycle,HTTP/2.0,default,,404,,tls1.3,https://fluency.lat/api/benchmark/db-cycle,kind=db_write,
db_duration,1785955468,323.001779,,,,,,,,,default,,,,,,,
checks,1785955468,0.000000,db 200,,,,,,,,default,,,,,,,
overflow_responses,1785955468,1.000000,,,,,,,,,default,,,,,,,
data_sent,1785955468,90.000000,,,,,,,,,default,,,,,,,
data_received,1785955468,321.000000,,,,,,,,,default,,,,,,,
iteration_duration,1785955468,323.101989,,,,,,,,,default,,,,,,,
iterations,1785955468,1.000000,,,,,,,,,default,,,,,,,
http_reqs,1785955468,1.000000,,,1404,false,,POST,https://fluency.lat/api/benchmark/db-cycle,HTTP/2.0,default,,404,,tls1.3,https://fluency.lat/api/benchmark/db-cycle,kind=db_write,
http_req_duration,1785955468,323.927169,,,1404,false,,POST,https://fluency.lat/api/benchmark/db-cycle,HTTP/2.0,default,,404,,tls1.3,https://fluency.lat/api/benchmark/db-cycle,kind=db_write,
http_req_blocked,1785955468,0.000210,,,1404,false,,POST,https://fluency.lat/api/benchmark/db-cycle,HTTP/2.0,default,,404,,tls1.3,https://fluency.lat/api/benchmark/db-cycle,kind=db_write,
http_req_connecting,1785955468,0.000000,,,1404,false,,POST,https://fluency.lat/api/benchmark/db-cycle,HTTP/2.0,default,,404,,tls1.3,https://fluency.lat/api/benchmark/db-cycle,kind=db_write,
http_req_tls_handshaking,1785955468,0.000000,,,1404,false,,POST,https://fluency.lat/api/benchmark/db-cycle,HTTP/2.0,default,,404,,tls1.3,https://fluency.lat/api/benchmark/db-cycle,kind=db_write,
http_req_sending,1785955468,0.051950,,,1404,false,,POST,https://fluency.lat/api/benchmark/db-cycle,HTTP/2.0,default,,404,,tls1.3,https://fluency.lat/api/benchmark/db-cycle,kind=db_write,
http_req_waiting,1785955468,323.847119,,,1404,false,,POST,https://fluency.lat/api/benchmark/db-cycle,HTTP/2.0,default,,404,,tls1.3,https://fluency.lat/api/benchmark/db-cycle,kind=db_write,
http_req_receiving,1785955468,0.028100,,,1404,false,,POST,https://fluency.lat/api/benchmark/db-cycle,HTTP/2.0,default,,404,,tls1.3,https://fluency.lat/api/benchmark/db-cycle,kind=db_write,
http_req_failed,1785955468,1.000000,,,1404,false,,POST,https://fluency.lat/api/benchmark/db-cycle,HTTP/2.0,default,,404,,tls1.3,https://fluency.lat/api/benchmark/db-cycle,kind=db_write,
db_duration,1785955468,323.927169,,,,,,,,,default,,,,,,,
checks,1785955468,0.000000,db 200,,,,,,,,default,,,,,,,
overflow_responses,1785955468,1.000000,,,,,,,,,default,,,,,,,
data_sent,1785955468,90.000000,,,,,,,,,default,,,,,,,
data_received,1785955468,369.000000,,,,,,,,,default,,,,,,,
iteration_duration,1785955468,324.033607,,,,,,,,,default,,,,,,,
iterations,1785955468,1.000000,,,,,,,,,default,,,,,,,
http_reqs,1785955468,1.000000,,,1404,false,,POST,https://fluency.lat/api/benchmark/db-cycle,HTTP/2.0,default,,404,,tls1.3,https://fluency.lat/api/benchmark/db-cycle,kind=db_write,
http_req_duration,1785955468,318.555616,,,1404,false,,POST,https://fluency.lat/api/benchmark/db-cycle,HTTP/2.0,default,,404,,tls1.3,https://fluency.lat/api/benchmark/db-cycle,kind=db_write,
http_req_blocked,1785955468,0.000240,,,1404,false,,POST,https://fluency.lat/api/benchmark/db-cycle,HTTP/2.0,default,,404,,tls1.3,https://fluency.lat/api/benchmark/db-cycle,kind=db_write,
http_req_connecting,1785955468,0.000000,,,1404,false,,POST,https://fluency.lat/api/benchmark/db-cycle,HTTP/2.0,default,,404,,tls1.3,https://fluency.lat/api/benchmark/db-cycle,kind=db_write,
http_req_tls_handshaking,1785955468,0.000000,,,1404,false,,POST,https://fluency.lat/api/benchmark/db-cycle,HTTP/2.0,default,,404,,tls1.3,https://fluency.lat/api/benchmark/db-cycle,kind=db_write,
http_req_sending,1785955468,0.048500,,,1404,false,,POST,https://fluency.lat/api/benchmark/db-cycle,HTTP/2.0,default,,404,,tls1.3,https://fluency.lat/api/benchmark/db-cycle,kind=db_write,
http_req_waiting,1785955468,318.487966,,,1404,false,,POST,https://fluency.lat/api/benchmark/db-cycle,HTTP/2.0,default,,404,,tls1.3,https://fluency.lat/api/benchmark/db-cycle,kind=db_write,
http_req_receiving,1785955468,0.019150,,,1404,false,,POST,https://fluency.lat/api/benchmark/db-cycle,HTTP/2.0,default,,404,,tls1.3,https://fluency.lat/api/benchmark/db-cycle,kind=db_write,
http_req_failed,1785955468,1.000000,,,1404,false,,POST,https://fluency.lat/api/benchmark/db-cycle,HTTP/2.0,default,,404,,tls1.3,https://fluency.lat/api/benchmark/db-cycle,kind=db_write,
db_duration,1785955468,318.555616,,,,,,,,,default,,,,,,,
checks,1785955468,0.000000,db 200,,,,,,,,default,,,,,,,
overflow_responses,1785955468,1.000000,,,,,,,,,default,,,,,,,
data_sent,1785955468,90.000000,,,,,,,,,default,,,,,,,
data_received,1785955468,346.000000,,,,,,,,,default,,,,,,,
iteration_duration,1785955468,318.644976,,,,,,,,,default,,,,,,,
iterations,1785955468,1.000000,,,,,,,,,default,,,,,,,
http_reqs,1785955468,1.000000,,,1404,false,,POST,https://fluency.lat/api/benchmark/db-cycle,HTTP/2.0,default,,404,,tls1.3,https://fluency.lat/api/benchmark/db-cycle,kind=db_write,
http_req_duration,1785955468,322.765290,,,1404,false,,POST,https://fluency.lat/api/benchmark/db-cycle,HTTP/2.0,default,,404,,tls1.3,https://fluency.lat/api/benchmark/db-cycle,kind=db_write,
http_req_blocked,1785955468,0.000200,,,1404,false,,POST,https://fluency.lat/api/benchmark/db-cycle,HTTP/2.0,default,,404,,tls1.3,https://fluency.lat/api/benchmark/db-cycle,kind=db_write,
http_req_connecting,1785955468,0.000000,,,1404,false,,POST,https://fluency.lat/api/benchmark/db-cycle,HTTP/2.0,default,,404,,tls1.3,https://fluency.lat/api/benchmark/db-cycle,kind=db_write,
http_req_tls_handshaking,1785955468,0.000000,,,1404,false,,POST,https://fluency.lat/api/benchmark/db-cycle,HTTP/2.0,default,,404,,tls1.3,https://fluency.lat/api/benchmark/db-cycle,kind=db_write,
http_req_sending,1785955468,0.033200,,,1404,false,,POST,https://fluency.lat/api/benchmark/db-cycle,HTTP/2.0,default,,404,,tls1.3,https://fluency.lat/api/benchmark/db-cycle,kind=db_write,
http_req_waiting,1785955468,322.713860,,,1404,false,,POST,https://fluency.lat/api/benchmark/db-cycle,HTTP/2.0,default,,404,,tls1.3,https://fluency.lat/api/benchmark/db-cycle,kind=db_write,
http_req_receiving,1785955468,0.018230,,,1404,false,,POST,https://fluency.lat/api/benchmark/db-cycle,HTTP/2.0,default,,404,,tls1.3,https://fluency.lat/api/benchmark/db-cycle,kind=db_write,
http_req_failed,1785955468,1.000000,,,1404,false,,POST,https://fluency.lat/api/benchmark/db-cycle,HTTP/2.0,default,,404,,tls1.3,https://fluency.lat/api/benchmark/db-cycle,kind=db_write,
db_duration,1785955468,322.765290,,,,,,,,,default,,,,,,,
checks,1785955468,0.000000,db 200,,,,,,,,default,,,,,,,
overflow_responses,1785955468,1.000000,,,,,,,,,default,,,,,,,
data_sent,1785955468,90.000000,,,,,,,,,default,,,,,,,
data_received,1785955468,344.000000,,,,,,,,,default,,,,,,,
iteration_duration,1785955468,322.827390,,,,,,,,,default,,,,,,,
iterations,1785955468,1.000000,,,,,,,,,default,,,,,,,
http_reqs,1785955468,1.000000,,,1404,false,,POST,https://fluency.lat/api/benchmark/db-cycle,HTTP/2.0,default,,404,,tls1.3,https://fluency.lat/api/benchmark/db-cycle,kind=db_write,
http_req_duration,1785955468,321.845213,,,1404,false,,POST,https://fluency.lat/api/benchmark/db-cycle,HTTP/2.0,default,,404,,tls1.3,https://fluency.lat/api/benchmark/db-cycle,kind=db_write,
http_req_blocked,1785955468,0.000200,,,1404,false,,POST,https://fluency.lat/api/benchmark/db-cycle,HTTP/2.0,default,,404,,tls1.3,https://fluency.lat/api/benchmark/db-cycle,kind=db_write,
http_req_connecting,1785955468,0.000000,,,1404,false,,POST,https://fluency.lat/api/benchmark/db-cycle,HTTP/2.0,default,,404,,tls1.3,https://fluency.lat/api/benchmark/db-cycle,kind=db_write,
http_req_tls_handshaking,1785955468,0.000000,,,1404,false,,POST,https://fluency.lat/api/benchmark/db-cycle,HTTP/2.0,default,,404,,tls1.3,https://fluency.lat/api/benchmark/db-cycle,kind=db_write,
http_req_sending,1785955468,0.045930,,,1404,false,,POST,https://fluency.lat/api/benchmark/db-cycle,HTTP/2.0,default,,404,,tls1.3,https://fluency.lat/api/benchmark/db-cycle,kind=db_write,
http_req_waiting,1785955468,321.777643,,,1404,false,,POST,https://fluency.lat/api/benchmark/db-cycle,HTTP/2.0,default,,404,,tls1.3,https://fluency.lat/api/benchmark/db-cycle,kind=db_write,
http_req_receiving,1785955468,0.021640,,,1404,false,,POST,https://fluency.lat/api/benchmark/db-cycle,HTTP/2.0,default,,404,,tls1.3,https://fluency.lat/api/benchmark/db-cycle,kind=db_write,
http_req_failed,1785955468,1.000000,,,1404,false,,POST,https://fluency.lat/api/benchmark/db-cycle,HTTP/2.0,default,,404,,tls1.3,https://fluency.lat/api/benchmark/db-cycle,kind=db_write,
db_duration,1785955468,321.845213,,,,,,,,,default,,,,,,,
checks,1785955468,0.000000,db 200,,,,,,,,default,,,,,,,
overflow_responses,1785955468,1.000000,,,,,,,,,default,,,,,,,
data_sent,1785955468,90.000000,,,,,,,,,default,,,,,,,
data_received,1785955468,347.000000,,,,,,,,,default,,,,,,,
iteration_duration,1785955468,321.917683,,,,,,,,,default,,,,,,,
iterations,1785955468,1.000000,,,,,,,,,default,,,,,,,
http_reqs,1785955468,1.000000,,,1404,false,,POST,https://fluency.lat/api/benchmark/db-cycle,HTTP/2.0,default,,404,,tls1.3,https://fluency.lat/api/benchmark/db-cycle,kind=db_write,
http_req_duration,1785955468,326.413897,,,1404,false,,POST,https://fluency.lat/api/benchmark/db-cycle,HTTP/2.0,default,,404,,tls1.3,https://fluency.lat/api/benchmark/db-cycle,kind=db_write,
http_req_blocked,1785955468,0.000270,,,1404,false,,POST,https://fluency.lat/api/benchmark/db-cycle,HTTP/2.0,default,,404,,tls1.3,https://fluency.lat/api/benchmark/db-cycle,kind=db_write,
http_req_connecting,1785955468,0.000000,,,1404,false,,POST,https://fluency.lat/api/benchmark/db-cycle,HTTP/2.0,default,,404,,tls1.3,https://fluency.lat/api/benchmark/db-cycle,kind=db_write,
http_req_tls_handshaking,1785955468,0.000000,,,1404,false,,POST,https://fluency.lat/api/benchmark/db-cycle,HTTP/2.0,default,,404,,tls1.3,https://fluency.lat/api/benchmark/db-cycle,kind=db_write,
http_req_sending,1785955468,0.048370,,,1404,false,,POST,https://fluency.lat/api/benchmark/db-cycle,HTTP/2.0,default,,404,,tls1.3,https://fluency.lat/api/benchmark/db-cycle,kind=db_write,
http_req_waiting,1785955468,326.346207,,,1404,false,,POST,https://fluency.lat/api/benchmark/db-cycle,HTTP/2.0,default,,404,,tls1.3,https://fluency.lat/api/benchmark/db-cycle,kind=db_write,
http_req_receiving,1785955468,0.019320,,,1404,false,,POST,https://fluency.lat/api/benchmark/db-cycle,HTTP/2.0,default,,404,,tls1.3,https://fluency.lat/api/benchmark/db-cycle,kind=db_write,
http_req_failed,1785955468,1.000000,,,1404,false,,POST,https://fluency.lat/api/benchmark/db-cycle,HTTP/2.0,default,,404,,tls1.3,https://fluency.lat/api/benchmark/db-cycle,kind=db_write,
db_duration,1785955468,326.413897,,,,,,,,,default,,,,,,,
checks,1785955468,0.000000,db 200,,,,,,,,default,,,,,,,
overflow_responses,1785955468,1.000000,,,,,,,,,default,,,,,,,
data_sent,1785955468,90.000000,,,,,,,,,default,,,,,,,
data_received,1785955468,365.000000,,,,,,,,,default,,,,,,,
iteration_duration,1785955468,326.490887,,,,,,,,,default,,,,,,,
iterations,1785955468,1.000000,,,,,,,,,default,,,,,,,
http_reqs,1785955468,1.000000,,,1404,false,,POST,https://fluency.lat/api/benchmark/db-cycle,HTTP/2.0,default,,404,,tls1.3,https://fluency.lat/api/benchmark/db-cycle,kind=db_write,
http_req_duration,1785955468,321.654894,,,1404,false,,POST,https://fluency.lat/api/benchmark/db-cycle,HTTP/2.0,default,,404,,tls1.3,https://fluency.lat/api/benchmark/db-cycle,kind=db_write,
http_req_blocked,1785955468,0.000280,,,1404,false,,POST,https://fluency.lat/api/benchmark/db-cycle,HTTP/2.0,default,,404,,tls1.3,https://fluency.lat/api/benchmark/db-cycle,kind=db_write,
http_req_connecting,1785955468,0.000000,,,1404,false,,POST,https://fluency.lat/api/benchmark/db-cycle,HTTP/2.0,default,,404,,tls1.3,https://fluency.lat/api/benchmark/db-cycle,kind=db_write,
http_req_tls_handshaking,1785955468,0.000000,,,1404,false,,POST,https://fluency.lat/api/benchmark/db-cycle,HTTP/2.0,default,,404,,tls1.3,https://fluency.lat/api/benchmark/db-cycle,kind=db_write,
http_req_sending,1785955468,0.040910,,,1404,false,,POST,https://fluency.lat/api/benchmark/db-cycle,HTTP/2.0,default,,404,,tls1.3,https://fluency.lat/api/benchmark/db-cycle,kind=db_write,
http_req_waiting,1785955468,321.591844,,,1404,false,,POST,https://fluency.lat/api/benchmark/db-cycle,HTTP/2.0,default,,404,,tls1.3,https://fluency.lat/api/benchmark/db-cycle,kind=db_write,
http_req_receiving,1785955468,0.022140,,,1404,false,,POST,https://fluency.lat/api/benchmark/db-cycle,HTTP/2.0,default,,404,,tls1.3,https://fluency.lat/api/benchmark/db-cycle,kind=db_write,
http_req_failed,1785955468,1.000000,,,1404,false,,POST,https://fluency.lat/api/benchmark/db-cycle,HTTP/2.0,default,,404,,tls1.3,https://fluency.lat/api/benchmark/db-cycle,kind=db_write,
db_duration,1785955468,321.654894,,,,,,,,,default,,,,,,,
checks,1785955468,0.000000,db 200,,,,,,,,default,,,,,,,
overflow_responses,1785955468,1.000000,,,,,,,,,default,,,,,,,
data_sent,1785955468,90.000000,,,,,,,,,default,,,,,,,
data_received,1785955468,569.000000,,,,,,,,,default,,,,,,,
iteration_duration,1785955468,321.734784,,,,,,,,,default,,,,,,,
iterations,1785955468,1.000000,,,,,,,,,default,,,,,,,
http_reqs,1785955468,1.000000,,,1404,false,,POST,https://fluency.lat/api/benchmark/db-cycle,HTTP/2.0,default,,404,,tls1.3,https://fluency.lat/api/benchmark/db-cycle,kind=db_write,
http_req_duration,1785955468,323.854060,,,1404,false,,POST,https://fluency.lat/api/benchmark/db-cycle,HTTP/2.0,default,,404,,tls1.3,https://fluency.lat/api/benchmark/db-cycle,kind=db_write,
http_req_blocked,1785955468,0.000220,,,1404,false,,POST,https://fluency.lat/api/benchmark/db-cycle,HTTP/2.0,default,,404,,tls1.3,https://fluency.lat/api/benchmark/db-cycle,kind=db_write,
http_req_connecting,1785955468,0.000000,,,1404,false,,POST,https://fluency.lat/api/benchmark/db-cycle,HTTP/2.0,default,,404,,tls1.3,https://fluency.lat/api/benchmark/db-cycle,kind=db_write,
http_req_tls_handshaking,1785955468,0.000000,,,1404,false,,POST,https://fluency.lat/api/benchmark/db-cycle,HTTP/2.0,default,,404,,tls1.3,https://fluency.lat/api/benchmark/db-cycle,kind=db_write,
http_req_sending,1785955468,0.030370,,,1404,false,,POST,https://fluency.lat/api/benchmark/db-cycle,HTTP/2.0,default,,404,,tls1.3,https://fluency.lat/api/benchmark/db-cycle,kind=db_write,
http_req_waiting,1785955468,323.801840,,,1404,false,,POST,https://fluency.lat/api/benchmark/db-cycle,HTTP/2.0,default,,404,,tls1.3,https://fluency.lat/api/benchmark/db-cycle,kind=db_write,
http_req_receiving,1785955468,0.021850,,,1404,false,,POST,https://fluency.lat/api/benchmark/db-cycle,HTTP/2.0,default,,404,,tls1.3,https://fluency.lat/api/benchmark/db-cycle,kind=db_write,
http_req_failed,1785955468,1.000000,,,1404,false,,POST,https://fluency.lat/api/benchmark/db-cycle,HTTP/2.0,default,,404,,tls1.3,https://fluency.lat/api/benchmark/db-cycle,kind=db_write,
db_duration,1785955468,323.854060,,,,,,,,,default,,,,,,,
checks,1785955468,0.000000,db 200,,,,,,,,default,,,,,,,
overflow_responses,1785955468,1.000000,,,,,,,,,default,,,,,,,
data_sent,1785955468,90.000000,,,,,,,,,default,,,,,,,
data_received,1785955468,317.000000,,,,,,,,,default,,,,,,,
iteration_duration,1785955468,323.912310,,,,,,,,,default,,,,,,,
iterations,1785955468,1.000000,,,,,,,,,default,,,,,,,
http_reqs,1785955468,1.000000,,,1404,false,,POST,https://fluency.lat/api/benchmark/db-cycle,HTTP/2.0,default,,404,,tls1.3,https://fluency.lat/api/benchmark/db-cycle,kind=db_write,
http_req_duration,1785955468,321.654113,,,1404,false,,POST,https://fluency.lat/api/benchmark/db-cycle,HTTP/2.0,default,,404,,tls1.3,https://fluency.lat/api/benchmark/db-cycle,kind=db_write,
http_req_blocked,1785955468,0.000210,,,1404,false,,POST,https://fluency.lat/api/benchmark/db-cycle,HTTP/2.0,default,,404,,tls1.3,https://fluency.lat/api/benchmark/db-cycle,kind=db_write,
http_req_connecting,1785955468,0.000000,,,1404,false,,POST,https://fluency.lat/api/benchmark/db-cycle,HTTP/2.0,default,,404,,tls1.3,https://fluency.lat/api/benchmark/db-cycle,kind=db_write,
http_req_tls_handshaking,1785955468,0.000000,,,1404,false,,POST,https://fluency.lat/api/benchmark/db-cycle,HTTP/2.0,default,,404,,tls1.3,https://fluency.lat/api/benchmark/db-cycle,kind=db_write,
http_req_sending,1785955468,0.027480,,,1404,false,,POST,https://fluency.lat/api/benchmark/db-cycle,HTTP/2.0,default,,404,,tls1.3,https://fluency.lat/api/benchmark/db-cycle,kind=db_write,
http_req_waiting,1785955468,321.274964,,,1404,false,,POST,https://fluency.lat/api/benchmark/db-cycle,HTTP/2.0,default,,404,,tls1.3,https://fluency.lat/api/benchmark/db-cycle,kind=db_write,
http_req_receiving,1785955468,0.351669,,,1404,false,,POST,https://fluency.lat/api/benchmark/db-cycle,HTTP/2.0,default,,404,,tls1.3,https://fluency.lat/api/benchmark/db-cycle,kind=db_write,
http_req_failed,1785955468,1.000000,,,1404,false,,POST,https://fluency.lat/api/benchmark/db-cycle,HTTP/2.0,default,,404,,tls1.3,https://fluency.lat/api/benchmark/db-cycle,kind=db_write,
db_duration,1785955468,321.654113,,,,,,,,,default,,,,,,,
checks,1785955468,0.000000,db 200,,,,,,,,default,,,,,,,
overflow_responses,1785955468,1.000000,,,,,,,,,default,,,,,,,
data_sent,1785955468,90.000000,,,,,,,,,default,,,,,,,
data_received,1785955468,347.000000,,,,,,,,,default,,,,,,,
iteration_duration,1785955468,321.724063,,,,,,,,,default,,,,,,,
iterations,1785955468,1.000000,,,,,,,,,default,,,,,,,
http_reqs,1785955468,1.000000,,,1404,false,,POST,https://fluency.lat/api/benchmark/db-cycle,HTTP/2.0,default,,404,,tls1.3,https://fluency.lat/api/benchmark/db-cycle,kind=db_write,
http_req_duration,1785955468,323.907690,,,1404,false,,POST,https://fluency.lat/api/benchmark/db-cycle,HTTP/2.0,default,,404,,tls1.3,https://fluency.lat/api/benchmark/db-cycle,kind=db_write,
http_req_blocked,1785955468,0.000210,,,1404,false,,POST,https://fluency.lat/api/benchmark/db-cycle,HTTP/2.0,default,,404,,tls1.3,https://fluency.lat/api/benchmark/db-cycle,kind=db_write,
http_req_connecting,1785955468,0.000000,,,1404,false,,POST,https://fluency.lat/api/benchmark/db-cycle,HTTP/2.0,default,,404,,tls1.3,https://fluency.lat/api/benchmark/db-cycle,kind=db_write,
http_req_tls_handshaking,1785955468,0.000000,,,1404,false,,POST,https://fluency.lat/api/benchmark/db-cycle,HTTP/2.0,default,,404,,tls1.3,https://fluency.lat/api/benchmark/db-cycle,kind=db_write,
http_req_sending,1785955468,0.043400,,,1404,false,,POST,https://fluency.lat/api/benchmark/db-cycle,HTTP/2.0,default,,404,,tls1.3,https://fluency.lat/api/benchmark/db-cycle,kind=db_write,
http_req_waiting,1785955468,323.845560,,,1404,false,,POST,https://fluency.lat/api/benchmark/db-cycle,HTTP/2.0,default,,404,,tls1.3,https://fluency.lat/api/benchmark/db-cycle,kind=db_write,
http_req_receiving,1785955468,0.018730,,,1404,false,,POST,https://fluency.lat/api/benchmark/db-cycle,HTTP/2.0,default,,404,,tls1.3,https://fluency.lat/api/benchmark/db-cycle,kind=db_write,
http_req_failed,1785955468,1.000000,,,1404,false,,POST,https://fluency.lat/api/benchmark/db-cycle,HTTP/2.0,default,,404,,tls1.3,https://fluency.lat/api/benchmark/db-cycle,kind=db_write,
db_duration,1785955468,323.907690,,,,,,,,,default,,,,,,,
checks,1785955468,0.000000,db 200,,,,,,,,default,,,,,,,
overflow_responses,1785955468,1.000000,,,,,,,,,default,,,,,,,
data_sent,1785955468,90.000000,,,,,,,,,default,,,,,,,
data_received,1785955468,348.000000,,,,,,,,,default,,,,,,,
iteration_duration,1785955468,323.982748,,,,,,,,,default,,,,,,,
iterations,1785955468,1.000000,,,,,,,,,default,,,,,,,
http_reqs,1785955468,1.000000,,,1404,false,,POST,https://fluency.lat/api/benchmark/db-cycle,HTTP/2.0,default,,404,,tls1.3,https://fluency.lat/api/benchmark/db-cycle,kind=db_write,
http_req_duration,1785955468,322.063191,,,1404,false,,POST,https://fluency.lat/api/benchmark/db-cycle,HTTP/2.0,default,,404,,tls1.3,https://fluency.lat/api/benchmark/db-cycle,kind=db_write,
http_req_blocked,1785955468,0.000210,,,1404,false,,POST,https://fluency.lat/api/benchmark/db-cycle,HTTP/2.0,default,,404,,tls1.3,https://fluency.lat/api/benchmark/db-cycle,kind=db_write,
http_req_connecting,1785955468,0.000000,,,1404,false,,POST,https://fluency.lat/api/benchmark/db-cycle,HTTP/2.0,default,,404,,tls1.3,https://fluency.lat/api/benchmark/db-cycle,kind=db_write,
http_req_tls_handshaking,1785955468,0.000000,,,1404,false,,POST,https://fluency.lat/api/benchmark/db-cycle,HTTP/2.0,default,,404,,tls1.3,https://fluency.lat/api/benchmark/db-cycle,kind=db_write,
http_req_sending,1785955468,0.027870,,,1404,false,,POST,https://fluency.lat/api/benchmark/db-cycle,HTTP/2.0,default,,404,,tls1.3,https://fluency.lat/api/benchmark/db-cycle,kind=db_write,
http_req_waiting,1785955468,321.844641,,,1404,false,,POST,https://fluency.lat/api/benchmark/db-cycle,HTTP/2.0,default,,404,,tls1.3,https://fluency.lat/api/benchmark/db-cycle,kind=db_write,
http_req_receiving,1785955468,0.190680,,,1404,false,,POST,https://fluency.lat/api/benchmark/db-cycle,HTTP/2.0,default,,404,,tls1.3,https://fluency.lat/api/benchmark/db-cycle,kind=db_write,
http_req_failed,1785955468,1.000000,,,1404,false,,POST,https://fluency.lat/api/benchmark/db-cycle,HTTP/2.0,default,,404,,tls1.3,https://fluency.lat/api/benchmark/db-cycle,kind=db_write,
db_duration,1785955468,322.063191,,,,,,,,,default,,,,,,,
checks,1785955468,0.000000,db 200,,,,,,,,default,,,,,,,
overflow_responses,1785955468,1.000000,,,,,,,,,default,,,,,,,
data_sent,1785955468,90.000000,,,,,,,,,default,,,,,,,
data_received,1785955468,340.000000,,,,,,,,,default,,,,,,,
iteration_duration,1785955468,322.133261,,,,,,,,,default,,,,,,,
iterations,1785955468,1.000000,,,,,,,,,default,,,,,,,
http_reqs,1785955468,1.000000,,,1404,false,,POST,https://fluency.lat/api/benchmark/db-cycle,HTTP/2.0,default,,404,,tls1.3,https://fluency.lat/api/benchmark/db-cycle,kind=db_write,
http_req_duration,1785955468,326.461407,,,1404,false,,POST,https://fluency.lat/api/benchmark/db-cycle,HTTP/2.0,default,,404,,tls1.3,https://fluency.lat/api/benchmark/db-cycle,kind=db_write,
http_req_blocked,1785955468,0.000210,,,1404,false,,POST,https://fluency.lat/api/benchmark/db-cycle,HTTP/2.0,default,,404,,tls1.3,https://fluency.lat/api/benchmark/db-cycle,kind=db_write,
http_req_connecting,1785955468,0.000000,,,1404,false,,POST,https://fluency.lat/api/benchmark/db-cycle,HTTP/2.0,default,,404,,tls1.3,https://fluency.lat/api/benchmark/db-cycle,kind=db_write,
http_req_tls_handshaking,1785955468,0.000000,,,1404,false,,POST,https://fluency.lat/api/benchmark/db-cycle,HTTP/2.0,default,,404,,tls1.3,https://fluency.lat/api/benchmark/db-cycle,kind=db_write,
http_req_sending,1785955468,0.035220,,,1404,false,,POST,https://fluency.lat/api/benchmark/db-cycle,HTTP/2.0,default,,404,,tls1.3,https://fluency.lat/api/benchmark/db-cycle,kind=db_write,
http_req_waiting,1785955468,326.395537,,,1404,false,,POST,https://fluency.lat/api/benchmark/db-cycle,HTTP/2.0,default,,404,,tls1.3,https://fluency.lat/api/benchmark/db-cycle,kind=db_write,
http_req_receiving,1785955468,0.030650,,,1404,false,,POST,https://fluency.lat/api/benchmark/db-cycle,HTTP/2.0,default,,404,,tls1.3,https://fluency.lat/api/benchmark/db-cycle,kind=db_write,
http_req_failed,1785955468,1.000000,,,1404,false,,POST,https://fluency.lat/api/benchmark/db-cycle,HTTP/2.0,default,,404,,tls1.3,https://fluency.lat/api/benchmark/db-cycle,kind=db_write,
db_duration,1785955468,326.461407,,,,,,,,,default,,,,,,,
checks,1785955468,0.000000,db 200,,,,,,,,default,,,,,,,
overflow_responses,1785955468,1.000000,,,,,,,,,default,,,,,,,
data_sent,1785955468,90.000000,,,,,,,,,default,,,,,,,
data_received,1785955468,325.000000,,,,,,,,,default,,,,,,,
iteration_duration,1785955468,326.534466,,,,,,,,,default,,,,,,,
iterations,1785955468,1.000000,,,,,,,,,default,,,,,,,
http_reqs,1785955468,1.000000,,,1404,false,,POST,https://fluency.lat/api/benchmark/db-cycle,HTTP/2.0,default,,404,,tls1.3,https://fluency.lat/api/benchmark/db-cycle,kind=db_write,
http_req_duration,1785955468,319.367477,,,1404,false,,POST,https://fluency.lat/api/benchmark/db-cycle,HTTP/2.0,default,,404,,tls1.3,https://fluency.lat/api/benchmark/db-cycle,kind=db_write,
http_req_blocked,1785955468,0.000210,,,1404,false,,POST,https://fluency.lat/api/benchmark/db-cycle,HTTP/2.0,default,,404,,tls1.3,https://fluency.lat/api/benchmark/db-cycle,kind=db_write,
http_req_connecting,1785955468,0.000000,,,1404,false,,POST,https://fluency.lat/api/benchmark/db-cycle,HTTP/2.0,default,,404,,tls1.3,https://fluency.lat/api/benchmark/db-cycle,kind=db_write,
http_req_tls_handshaking,1785955468,0.000000,,,1404,false,,POST,https://fluency.lat/api/benchmark/db-cycle,HTTP/2.0,default,,404,,tls1.3,https://fluency.lat/api/benchmark/db-cycle,kind=db_write,
http_req_sending,1785955468,0.027650,,,1404,false,,POST,https://fluency.lat/api/benchmark/db-cycle,HTTP/2.0,default,,404,,tls1.3,https://fluency.lat/api/benchmark/db-cycle,kind=db_write,
http_req_waiting,1785955468,319.128437,,,1404,false,,POST,https://fluency.lat/api/benchmark/db-cycle,HTTP/2.0,default,,404,,tls1.3,https://fluency.lat/api/benchmark/db-cycle,kind=db_write,
http_req_receiving,1785955468,0.211390,,,1404,false,,POST,https://fluency.lat/api/benchmark/db-cycle,HTTP/2.0,default,,404,,tls1.3,https://fluency.lat/api/benchmark/db-cycle,kind=db_write,
http_req_failed,1785955468,1.000000,,,1404,false,,POST,https://fluency.lat/api/benchmark/db-cycle,HTTP/2.0,default,,404,,tls1.3,https://fluency.lat/api/benchmark/db-cycle,kind=db_write,
db_duration,1785955468,319.367477,,,,,,,,,default,,,,,,,
checks,1785955468,0.000000,db 200,,,,,,,,default,,,,,,,
overflow_responses,1785955468,1.000000,,,,,,,,,default,,,,,,,
data_sent,1785955468,90.000000,,,,,,,,,default,,,,,,,
data_received,1785955468,539.000000,,,,,,,,,default,,,,,,,
iteration_duration,1785955468,319.428107,,,,,,,,,default,,,,,,,
iterations,1785955468,1.000000,,,,,,,,,default,,,,,,,
http_reqs,1785955468,1.000000,,,1404,false,,POST,https://fluency.lat/api/benchmark/db-cycle,HTTP/2.0,default,,404,,tls1.3,https://fluency.lat/api/benchmark/db-cycle,kind=db_write,
http_req_duration,1785955468,322.201963,,,1404,false,,POST,https://fluency.lat/api/benchmark/db-cycle,HTTP/2.0,default,,404,,tls1.3,https://fluency.lat/api/benchmark/db-cycle,kind=db_write,
http_req_blocked,1785955468,0.000200,,,1404,false,,POST,https://fluency.lat/api/benchmark/db-cycle,HTTP/2.0,default,,404,,tls1.3,https://fluency.lat/api/benchmark/db-cycle,kind=db_write,
http_req_connecting,1785955468,0.000000,,,1404,false,,POST,https://fluency.lat/api/benchmark/db-cycle,HTTP/2.0,default,,404,,tls1.3,https://fluency.lat/api/benchmark/db-cycle,kind=db_write,
http_req_tls_handshaking,1785955468,0.000000,,,1404,false,,POST,https://fluency.lat/api/benchmark/db-cycle,HTTP/2.0,default,,404,,tls1.3,https://fluency.lat/api/benchmark/db-cycle,kind=db_write,
http_req_sending,1785955468,0.031350,,,1404,false,,POST,https://fluency.lat/api/benchmark/db-cycle,HTTP/2.0,default,,404,,tls1.3,https://fluency.lat/api/benchmark/db-cycle,kind=db_write,
http_req_waiting,1785955468,322.154493,,,1404,false,,POST,https://fluency.lat/api/benchmark/db-cycle,HTTP/2.0,default,,404,,tls1.3,https://fluency.lat/api/benchmark/db-cycle,kind=db_write,
http_req_receiving,1785955468,0.016120,,,1404,false,,POST,https://fluency.lat/api/benchmark/db-cycle,HTTP/2.0,default,,404,,tls1.3,https://fluency.lat/api/benchmark/db-cycle,kind=db_write,
http_req_failed,1785955468,1.000000,,,1404,false,,POST,https://fluency.lat/api/benchmark/db-cycle,HTTP/2.0,default,,404,,tls1.3,https://fluency.lat/api/benchmark/db-cycle,kind=db_write,
db_duration,1785955468,322.201963,,,,,,,,,default,,,,,,,
checks,1785955468,0.000000,db 200,,,,,,,,default,,,,,,,
overflow_responses,1785955468,1.000000,,,,,,,,,default,,,,,,,
data_sent,1785955468,90.000000,,,,,,,,,default,,,,,,,
data_received,1785955468,343.000000,,,,,,,,,default,,,,,,,
iteration_duration,1785955468,322.264673,,,,,,,,,default,,,,,,,
iterations,1785955468,1.000000,,,,,,,,,default,,,,,,,
http_reqs,1785955468,1.000000,,,1404,false,,POST,https://fluency.lat/api/benchmark/db-cycle,HTTP/2.0,default,,404,,tls1.3,https://fluency.lat/api/benchmark/db-cycle,kind=db_write,
http_req_duration,1785955468,322.397535,,,1404,false,,POST,https://fluency.lat/api/benchmark/db-cycle,HTTP/2.0,default,,404,,tls1.3,https://fluency.lat/api/benchmark/db-cycle,kind=db_write,
http_req_blocked,1785955468,0.000250,,,1404,false,,POST,https://fluency.lat/api/benchmark/db-cycle,HTTP/2.0,default,,404,,tls1.3,https://fluency.lat/api/benchmark/db-cycle,kind=db_write,
http_req_connecting,1785955468,0.000000,,,1404,false,,POST,https://fluency.lat/api/benchmark/db-cycle,HTTP/2.0,default,,404,,tls1.3,https://fluency.lat/api/benchmark/db-cycle,kind=db_write,
http_req_tls_handshaking,1785955468,0.000000,,,1404,false,,POST,https://fluency.lat/api/benchmark/db-cycle,HTTP/2.0,default,,404,,tls1.3,https://fluency.lat/api/benchmark/db-cycle,kind=db_write,
http_req_sending,1785955468,0.034110,,,1404,false,,POST,https://fluency.lat/api/benchmark/db-cycle,HTTP/2.0,default,,404,,tls1.3,https://fluency.lat/api/benchmark/db-cycle,kind=db_write,
http_req_waiting,1785955468,322.338215,,,1404,false,,POST,https://fluency.lat/api/benchmark/db-cycle,HTTP/2.0,default,,404,,tls1.3,https://fluency.lat/api/benchmark/db-cycle,kind=db_write,
http_req_receiving,1785955468,0.025210,,,1404,false,,POST,https://fluency.lat/api/benchmark/db-cycle,HTTP/2.0,default,,404,,tls1.3,https://fluency.lat/api/benchmark/db-cycle,kind=db_write,
http_req_failed,1785955468,1.000000,,,1404,false,,POST,https://fluency.lat/api/benchmark/db-cycle,HTTP/2.0,default,,404,,tls1.3,https://fluency.lat/api/benchmark/db-cycle,kind=db_write,
db_duration,1785955468,322.397535,,,,,,,,,default,,,,,,,
checks,1785955468,0.000000,db 200,,,,,,,,default,,,,,,,
overflow_responses,1785955468,1.000000,,,,,,,,,default,,,,,,,
data_sent,1785955468,90.000000,,,,,,,,,default,,,,,,,
data_received,1785955468,559.000000,,,,,,,,,default,,,,,,,
iteration_duration,1785955468,322.474695,,,,,,,,,default,,,,,,,
iterations,1785955468,1.000000,,,,,,,,,default,,,,,,,
http_reqs,1785955468,1.000000,,,1404,false,,POST,https://fluency.lat/api/benchmark/db-cycle,HTTP/2.0,default,,404,,tls1.3,https://fluency.lat/api/benchmark/db-cycle,kind=db_write,
http_req_duration,1785955468,322.155644,,,1404,false,,POST,https://fluency.lat/api/benchmark/db-cycle,HTTP/2.0,default,,404,,tls1.3,https://fluency.lat/api/benchmark/db-cycle,kind=db_write,
http_req_blocked,1785955468,0.000210,,,1404,false,,POST,https://fluency.lat/api/benchmark/db-cycle,HTTP/2.0,default,,404,,tls1.3,https://fluency.lat/api/benchmark/db-cycle,kind=db_write,
http_req_connecting,1785955468,0.000000,,,1404,false,,POST,https://fluency.lat/api/benchmark/db-cycle,HTTP/2.0,default,,404,,tls1.3,https://fluency.lat/api/benchmark/db-cycle,kind=db_write,
http_req_tls_handshaking,1785955468,0.000000,,,1404,false,,POST,https://fluency.lat/api/benchmark/db-cycle,HTTP/2.0,default,,404,,tls1.3,https://fluency.lat/api/benchmark/db-cycle,kind=db_write,
http_req_sending,1785955468,0.034330,,,1404,false,,POST,https://fluency.lat/api/benchmark/db-cycle,HTTP/2.0,default,,404,,tls1.3,https://fluency.lat/api/benchmark/db-cycle,kind=db_write,
http_req_waiting,1785955468,322.104494,,,1404,false,,POST,https://fluency.lat/api/benchmark/db-cycle,HTTP/2.0,default,,404,,tls1.3,https://fluency.lat/api/benchmark/db-cycle,kind=db_write,
http_req_receiving,1785955468,0.016820,,,1404,false,,POST,https://fluency.lat/api/benchmark/db-cycle,HTTP/2.0,default,,404,,tls1.3,https://fluency.lat/api/benchmark/db-cycle,kind=db_write,
http_req_failed,1785955468,1.000000,,,1404,false,,POST,https://fluency.lat/api/benchmark/db-cycle,HTTP/2.0,default,,404,,tls1.3,https://fluency.lat/api/benchmark/db-cycle,kind=db_write,
db_duration,1785955468,322.155644,,,,,,,,,default,,,,,,,
checks,1785955468,0.000000,db 200,,,,,,,,default,,,,,,,
overflow_responses,1785955468,1.000000,,,,,,,,,default,,,,,,,
data_sent,1785955468,90.000000,,,,,,,,,default,,,,,,,
data_received,1785955468,350.000000,,,,,,,,,default,,,,,,,
iteration_duration,1785955468,322.225874,,,,,,,,,default,,,,,,,
iterations,1785955468,1.000000,,,,,,,,,default,,,,,,,
vus,1785955468,5.000000,,,,,,,,,,,,,,,,
vus_max,1785955468,50.000000,,,,,,,,,,,,,,,,
data_sent,1785955468,90.000000,,,,,,,,,default,,,,,,,
data_received,1785955468,0.000000,,,,,,,,,default,,,,,,,
data_sent,1785955468,142.000000,,,,,,,,,default,,,,,,,
data_received,1785955468,0.000000,,,,,,,,,default,,,,,,,
data_sent,1785955468,90.000000,,,,,,,,,default,,,,,,,
data_received,1785955468,0.000000,,,,,,,,,default,,,,,,,
data_sent,1785955468,142.000000,,,,,,,,,default,,,,,,,
data_received,1785955468,0.000000,,,,,,,,,default,,,,,,,
data_sent,1785955468,142.000000,,,,,,,,,default,,,,,,,
data_received,1785955468,0.000000,,,,,,,,,default,,,,,,,
